gen_id,candidate_id,knob_M,knob_N,knob_K,knob_tile_m,knob_tile_n,knob_tile_k,knob_wg_x,knob_wg_y,knob_wg_z,knob_subgroup_m_cnt,knob_subgroup_n_cnt,knob_intrinsic_mn,knob_intrinsic_k,knob_subgroup_m,knob_subgroup_n,knob_subgroup_k,knob_workgroup_tile_sizes,knob_subgroup_tile_sizes,knob_reduction_tile_sizes,to_compile,compile_status,to_benchmark,benchmark_device_id,benchmark_queue_position,benchmark_status,baseline_benchmark_time_us,benchmark_time_us,benchmark_speedup,benchmark_rank_order
401,1,8192,640,640,256,128,8,256,1,1,4,1,16,4,4,8,0,"[256, 128, 0]","[4, 8, 0]","[0, 0, 8]",True,True,False,,,False,,,,
639,2,8192,640,640,256,320,4,256,1,1,4,1,16,4,4,20,0,"[256, 320, 0]","[4, 20, 0]","[0, 0, 4]",True,True,True,hip://2,1,True,132.83,159.0,1.19699,638
1388,3,8192,640,640,32,16,8,128,1,1,2,1,16,4,1,1,0,"[32, 16, 0]","[1, 1, 0]","[0, 0, 8]",True,True,True,hip://5,2,True,129.17,469.33,3.63355,1636
596,4,8192,640,640,64,64,4,128,1,1,1,2,16,4,4,2,0,"[64, 64, 0]","[4, 2, 0]","[0, 0, 4]",True,True,True,hip://6,3,True,133.0,114.0,0.85714,37
1245,5,8192,640,640,32,128,8,512,1,1,2,4,16,4,1,2,0,"[32, 128, 0]","[1, 2, 0]","[0, 0, 8]",True,True,True,hip://7,4,True,133.17,117.0,0.8786,59
993,6,8192,640,640,256,128,2,512,1,1,1,8,16,4,16,1,0,"[256, 128, 0]","[16, 1, 0]","[0, 0, 2]",True,True,True,hip://7,5,True,133.17,111.67,0.83855,21
1251,7,8192,640,640,256,128,5,512,1,1,2,4,16,4,8,2,0,"[256, 128, 0]","[8, 2, 0]","[0, 0, 5]",True,True,True,hip://2,6,True,132.83,159.67,1.20201,653
233,8,8192,640,640,512,32,5,512,1,1,8,1,16,4,4,2,0,"[512, 32, 0]","[4, 2, 0]","[0, 0, 5]",True,True,True,hip://6,7,True,133.0,180.67,1.3584,894
762,9,8192,640,640,64,80,10,64,1,1,1,1,16,4,4,5,0,"[64, 80, 0]","[4, 5, 0]","[0, 0, 10]",True,True,True,hip://5,8,True,129.17,188.0,1.45548,1031
156,10,8192,640,640,64,128,16,512,1,1,4,2,16,4,1,4,0,"[64, 128, 0]","[1, 4, 0]","[0, 0, 16]",True,True,True,hip://7,9,True,133.17,307.0,2.30538,1483
1517,11,8192,640,640,64,32,8,128,1,1,1,2,16,4,4,1,0,"[64, 32, 0]","[4, 1, 0]","[0, 0, 8]",True,True,True,hip://6,10,True,133.0,129.67,0.97494,217
68,12,8192,640,640,128,160,8,512,1,1,4,2,16,4,2,5,0,"[128, 160, 0]","[2, 5, 0]","[0, 0, 8]",True,True,True,hip://2,11,True,132.83,122.33,0.92095,131
1555,13,8192,640,640,16,64,20,128,1,1,1,2,16,4,1,2,0,"[16, 64, 0]","[1, 2, 0]","[0, 0, 20]",True,True,True,hip://5,12,True,129.17,132.33,1.02452,301
847,14,8192,640,640,256,32,2,256,1,1,4,1,16,4,4,2,0,"[256, 32, 0]","[4, 2, 0]","[0, 0, 2]",True,True,True,hip://6,13,True,133.0,210.67,1.58396,1179
792,15,8192,640,640,64,80,10,128,1,1,2,1,16,4,2,5,0,"[64, 80, 0]","[2, 5, 0]","[0, 0, 10]",True,True,True,hip://7,14,True,133.17,155.33,1.16646,585
359,16,8192,640,640,64,128,2,256,1,1,4,1,16,4,1,8,0,"[64, 128, 0]","[1, 8, 0]","[0, 0, 2]",True,True,True,hip://2,15,True,132.83,194.0,1.46048,1039
1800,17,8192,640,640,64,32,32,64,1,1,1,1,16,4,4,2,0,"[64, 32, 0]","[4, 2, 0]","[0, 0, 32]",True,True,True,hip://5,16,True,129.17,129.0,0.99871,259
1344,18,8192,640,640,64,64,10,512,1,1,2,4,16,4,2,1,0,"[64, 64, 0]","[2, 1, 0]","[0, 0, 10]",True,True,True,hip://7,17,True,133.17,296.0,2.22278,1465
1378,19,8192,640,640,32,32,1,256,1,1,2,2,16,4,1,1,0,"[32, 32, 0]","[1, 1, 0]","[0, 0, 1]",True,True,True,hip://2,18,True,132.83,157.67,1.18695,617
739,20,8192,640,640,128,80,4,512,1,1,8,1,16,4,1,5,0,"[128, 80, 0]","[1, 5, 0]","[0, 0, 4]",True,True,True,hip://6,19,True,133.0,344.67,2.59148,1550
1599,21,8192,640,640,64,160,5,128,1,1,1,2,16,4,4,5,0,"[64, 160, 0]","[4, 5, 0]","[0, 0, 5]",True,True,True,hip://5,20,True,129.17,112.67,0.87226,51
1551,22,8192,640,640,32,128,5,128,1,1,1,2,16,4,2,4,0,"[32, 128, 0]","[2, 4, 0]","[0, 0, 5]",True,True,True,hip://7,21,True,133.17,217.67,1.63454,1220
1816,23,8192,640,640,32,64,8,64,1,1,1,1,16,4,2,4,0,"[32, 64, 0]","[2, 4, 0]","[0, 0, 8]",True,True,True,hip://2,22,True,132.83,176.33,1.32748,851
927,24,8192,640,640,16,32,80,64,1,1,1,1,16,4,1,2,0,"[16, 32, 0]","[1, 2, 0]","[0, 0, 80]",True,True,True,hip://6,23,True,133.0,153.33,1.15288,559
1284,25,8192,640,640,256,64,2,512,1,1,2,4,16,4,8,1,0,"[256, 64, 0]","[8, 1, 0]","[0, 0, 2]",True,True,True,hip://5,24,True,129.17,378.33,2.92903,1596
573,26,8192,640,640,16,80,4,64,1,1,1,1,16,4,1,5,0,"[16, 80, 0]","[1, 5, 0]","[0, 0, 4]",True,True,True,hip://7,25,True,133.17,172.33,1.29412,795
1582,27,8192,640,640,16,160,8,128,1,1,1,2,16,4,1,5,0,"[16, 160, 0]","[1, 5, 0]","[0, 0, 8]",True,True,True,hip://6,26,True,133.0,160.0,1.20301,655
525,28,8192,640,640,16,128,4,512,1,1,1,8,16,4,1,1,0,"[16, 128, 0]","[1, 1, 0]","[0, 0, 4]",True,True,True,hip://2,27,True,132.83,141.0,1.06148,364
1787,29,8192,640,640,64,80,1,64,1,1,1,1,16,4,4,5,0,"[64, 80, 0]","[4, 5, 0]","[0, 0, 1]",True,True,True,hip://5,28,True,129.17,128.67,0.99613,253
943,30,8192,640,640,16,80,16,64,1,1,1,1,16,4,1,5,0,"[16, 80, 0]","[1, 5, 0]","[0, 0, 16]",True,True,True,hip://7,29,True,133.17,220.0,1.65207,1235
310,31,8192,640,640,512,64,5,64,1,1,1,1,16,4,32,4,0,"[512, 64, 0]","[32, 4, 0]","[0, 0, 5]",True,True,True,hip://2,30,True,132.83,190.33,1.43287,1007
253,32,8192,640,640,512,80,2,256,1,1,4,1,16,4,8,5,0,"[512, 80, 0]","[8, 5, 0]","[0, 0, 2]",True,True,True,hip://6,31,True,133.0,1973.33,14.83709,1753
884,33,8192,640,640,16,16,5,64,1,1,1,1,16,4,1,1,0,"[16, 16, 0]","[1, 1, 0]","[0, 0, 5]",True,True,True,hip://5,32,True,129.17,194.67,1.5071,1100
1124,34,8192,640,640,32,320,5,640,1,1,1,10,16,4,2,2,0,"[32, 320, 0]","[2, 2, 0]","[0, 0, 5]",True,True,True,hip://7,33,True,133.17,221.33,1.66208,1241
98,35,8192,640,640,128,32,16,256,1,1,2,2,16,4,4,1,0,"[128, 32, 0]","[4, 1, 0]","[0, 0, 16]",True,True,True,hip://6,34,True,133.0,182.0,1.36842,909
845,36,8192,640,640,256,32,1,256,1,1,4,1,16,4,4,2,0,"[256, 32, 0]","[4, 2, 0]","[0, 0, 1]",True,True,True,hip://2,35,True,132.83,139.0,1.04642,335
898,37,8192,640,640,16,16,16,64,1,1,1,1,16,4,1,1,0,"[16, 16, 0]","[1, 1, 0]","[0, 0, 16]",True,True,True,hip://5,36,True,129.17,237.33,1.83742,1338
1655,38,8192,640,640,64,160,5,320,1,1,1,5,16,4,4,2,0,"[64, 160, 0]","[4, 2, 0]","[0, 0, 5]",True,True,True,hip://7,37,True,133.17,143.0,1.07384,391
955,39,8192,640,640,64,320,8,64,1,1,1,1,16,4,4,20,0,"[64, 320, 0]","[4, 20, 0]","[0, 0, 8]",True,True,True,hip://6,38,True,133.0,144.67,1.08772,414
1637,40,8192,640,640,64,128,5,256,1,1,1,4,16,4,4,2,0,"[64, 128, 0]","[4, 2, 0]","[0, 0, 5]",True,True,True,hip://2,39,True,132.83,798.67,6.01255,1694
1237,41,8192,640,640,64,128,16,512,1,1,2,4,16,4,2,2,0,"[64, 128, 0]","[2, 2, 0]","[0, 0, 16]",True,True,True,hip://5,40,True,129.17,150.33,1.16387,579
1283,42,8192,640,640,32,128,5,128,1,1,2,1,16,4,1,8,0,"[32, 128, 0]","[1, 8, 0]","[0, 0, 5]",True,True,True,hip://2,41,True,132.83,124.0,0.9335,157
1827,43,8192,640,640,32,64,16,64,1,1,1,1,16,4,2,4,0,"[32, 64, 0]","[2, 4, 0]","[0, 0, 16]",True,True,True,hip://7,42,True,133.17,169.67,1.27409,770
1731,44,8192,640,640,32,128,2,256,1,1,1,4,16,4,2,2,0,"[32, 128, 0]","[2, 2, 0]","[0, 0, 2]",True,True,True,hip://6,43,True,133.0,182.0,1.36842,910
1194,45,8192,640,640,128,160,8,64,1,1,1,1,16,4,8,10,0,"[128, 160, 0]","[8, 10, 0]","[0, 0, 8]",True,True,True,hip://5,44,True,129.17,159.67,1.23613,707
634,46,8192,640,640,256,128,4,128,1,1,2,1,16,4,8,8,0,"[256, 128, 0]","[8, 8, 0]","[0, 0, 4]",True,True,True,hip://2,45,True,132.83,678.67,5.10916,1677
991,47,8192,640,640,256,128,10,512,1,1,1,8,16,4,16,1,0,"[256, 128, 0]","[16, 1, 0]","[0, 0, 10]",True,True,True,hip://6,46,True,133.0,301.33,2.26566,1476
785,48,8192,640,640,32,320,10,128,1,1,2,1,16,4,1,20,0,"[32, 320, 0]","[1, 20, 0]","[0, 0, 10]",True,True,True,hip://7,47,True,133.17,175.33,1.31665,838
172,49,8192,640,640,64,64,20,512,1,1,4,2,16,4,1,2,0,"[64, 64, 0]","[1, 2, 0]","[0, 0, 20]",True,True,True,hip://5,48,True,129.17,229.67,1.77806,1308
385,50,8192,640,640,64,16,32,256,1,1,4,1,16,4,1,1,0,"[64, 16, 0]","[1, 1, 0]","[0, 0, 32]",True,True,True,hip://2,49,True,132.83,179.0,1.34755,883
137,51,8192,640,640,128,32,4,128,1,1,1,2,16,4,8,1,0,"[128, 32, 0]","[8, 1, 0]","[0, 0, 4]",True,True,True,hip://7,50,True,133.17,167.0,1.25407,735
252,52,8192,640,640,512,128,2,256,1,1,4,1,16,4,8,8,0,"[512, 128, 0]","[8, 8, 0]","[0, 0, 2]",True,True,True,hip://6,51,True,133.0,124.0,0.93233,155
528,53,8192,640,640,16,160,4,640,1,1,1,10,16,4,1,1,0,"[16, 160, 0]","[1, 1, 0]","[0, 0, 4]",True,True,True,hip://5,52,True,129.17,686.0,5.31097,1682
1793,54,8192,640,640,64,80,16,64,1,1,1,1,16,4,4,5,0,"[64, 80, 0]","[4, 5, 0]","[0, 0, 16]",True,True,True,hip://2,53,True,132.83,134.0,1.00878,278
321,55,8192,640,640,512,320,4,256,1,1,4,1,16,4,8,20,0,"[512, 320, 0]","[8, 20, 0]","[0, 0, 4]",True,True,True,hip://7,54,True,133.17,298.33,2.2403,1469
1446,56,8192,640,640,32,320,8,512,1,1,2,4,16,4,1,5,0,"[32, 320, 0]","[1, 5, 0]","[0, 0, 8]",True,True,True,hip://6,55,True,133.0,3786.67,28.47118,1794
1644,57,8192,640,640,32,64,5,256,1,1,1,4,16,4,2,1,0,"[32, 64, 0]","[2, 1, 0]","[0, 0, 5]",True,True,True,hip://5,56,True,129.17,133.67,1.03484,318
920,58,8192,640,640,16,80,1,64,1,1,1,1,16,4,1,5,0,"[16, 80, 0]","[1, 5, 0]","[0, 0, 1]",True,True,True,hip://2,57,True,132.83,171.67,1.29235,791
1746,59,8192,640,640,64,320,1,256,1,1,1,4,16,4,4,5,0,"[64, 320, 0]","[4, 5, 0]","[0, 0, 1]",True,True,True,hip://7,58,True,133.17,291.67,2.19024,1451
1145,60,8192,640,640,128,128,5,512,1,1,2,4,16,4,4,2,0,"[128, 128, 0]","[4, 2, 0]","[0, 0, 5]",True,True,True,hip://5,59,True,129.17,232.0,1.79613,1316
1415,61,8192,640,640,32,16,5,128,1,1,2,1,16,4,1,1,0,"[32, 16, 0]","[1, 1, 0]","[0, 0, 5]",True,True,True,hip://6,60,True,133.0,173.33,1.30326,814
621,62,8192,640,640,128,160,4,128,1,1,2,1,16,4,4,10,0,"[128, 160, 0]","[4, 10, 0]","[0, 0, 4]",True,True,True,hip://2,61,True,132.83,176.67,1.32999,855
368,63,8192,640,640,64,160,5,256,1,1,4,1,16,4,1,10,0,"[64, 160, 0]","[1, 10, 0]","[0, 0, 5]",True,True,True,hip://5,62,True,129.17,262.67,2.03355,1404
1074,64,8192,640,640,64,320,8,640,1,1,1,10,16,4,4,2,0,"[64, 320, 0]","[4, 2, 0]","[0, 0, 8]",True,True,True,hip://7,63,True,133.17,144.0,1.08135,402
1343,65,8192,640,640,64,64,8,512,1,1,2,4,16,4,2,1,0,"[64, 64, 0]","[2, 1, 0]","[0, 0, 8]",True,True,True,hip://6,64,True,133.0,123.67,0.92982,150
1454,66,8192,640,640,32,64,40,512,1,1,2,4,16,4,1,1,0,"[32, 64, 0]","[1, 1, 0]","[0, 0, 40]",True,True,True,hip://2,65,True,132.83,105.67,0.79548,6
133,67,8192,640,640,128,64,5,128,1,1,1,2,16,4,8,2,0,"[128, 64, 0]","[8, 2, 0]","[0, 0, 5]",True,True,True,hip://6,66,True,133.0,151.67,1.14035,529
366,68,8192,640,640,64,160,1,256,1,1,4,1,16,4,1,10,0,"[64, 160, 0]","[1, 10, 0]","[0, 0, 1]",True,True,True,hip://7,67,True,133.17,183.0,1.37422,918
1507,69,8192,640,640,64,32,20,128,1,1,1,2,16,4,4,1,0,"[64, 32, 0]","[4, 1, 0]","[0, 0, 20]",True,True,True,hip://5,68,True,129.17,157.0,1.21548,674
1015,70,8192,640,640,64,320,5,640,1,1,2,5,16,4,2,4,0,"[64, 320, 0]","[2, 4, 0]","[0, 0, 5]",True,True,True,hip://2,69,True,132.83,130.67,0.98369,230
1696,71,8192,640,640,64,320,10,320,1,1,1,5,16,4,4,4,0,"[64, 320, 0]","[4, 4, 0]","[0, 0, 10]",True,True,True,hip://6,70,True,133.0,152.0,1.14286,534
42,72,8192,640,640,128,320,8,512,1,1,2,4,16,4,4,5,0,"[128, 320, 0]","[4, 5, 0]","[0, 0, 8]",True,True,True,hip://7,71,True,133.17,150.33,1.12891,504
1639,73,8192,640,640,32,64,5,64,1,1,1,1,16,4,2,4,0,"[32, 64, 0]","[2, 4, 0]","[0, 0, 5]",True,True,True,hip://5,72,True,129.17,177.67,1.37548,921
91,74,8192,640,640,128,32,2,256,1,1,2,2,16,4,4,1,0,"[128, 32, 0]","[4, 1, 0]","[0, 0, 2]",True,True,True,hip://2,73,True,132.83,193.67,1.45797,1033
225,75,8192,640,640,256,32,1,512,1,1,4,2,16,4,4,1,0,"[256, 32, 0]","[4, 1, 0]","[0, 0, 1]",True,True,True,hip://6,74,True,133.0,153.67,1.15539,562
463,76,8192,640,640,32,320,8,256,1,1,2,2,16,4,1,10,0,"[32, 320, 0]","[1, 10, 0]","[0, 0, 8]",True,True,True,hip://7,75,True,133.17,221.67,1.66458,1243
1474,77,8192,640,640,512,128,1,128,1,1,1,2,16,4,32,4,0,"[512, 128, 0]","[32, 4, 0]","[0, 0, 1]",True,True,True,hip://5,76,True,129.17,147.67,1.14323,536
1234,78,8192,640,640,32,128,10,256,1,1,2,2,16,4,1,4,0,"[32, 128, 0]","[1, 4, 0]","[0, 0, 10]",True,True,True,hip://2,77,True,132.83,4313.33,32.47177,1797
1164,79,8192,640,640,128,64,8,128,1,1,2,1,16,4,4,4,0,"[128, 64, 0]","[4, 4, 0]","[0, 0, 8]",True,True,True,hip://6,78,True,133.0,148.0,1.11278,467
1469,80,8192,640,640,32,64,5,512,1,1,2,4,16,4,1,1,0,"[32, 64, 0]","[1, 1, 0]","[0, 0, 5]",True,True,True,hip://7,79,True,133.17,148.0,1.11139,463
363,81,8192,640,640,64,80,2,256,1,1,4,1,16,4,1,5,0,"[64, 80, 0]","[1, 5, 0]","[0, 0, 2]",True,True,True,hip://5,80,True,129.17,125.33,0.97032,207
320,82,8192,640,640,512,80,4,128,1,1,2,1,16,4,16,5,0,"[512, 80, 0]","[16, 5, 0]","[0, 0, 4]",True,True,True,hip://2,81,True,132.83,125.33,0.94354,171
1499,83,8192,640,640,32,32,2,128,1,1,1,2,16,4,2,1,0,"[32, 32, 0]","[2, 1, 0]","[0, 0, 2]",True,True,True,hip://6,82,True,133.0,632.33,4.75439,1670
1073,84,8192,640,640,16,320,8,640,1,1,1,10,16,4,1,2,0,"[16, 320, 0]","[1, 2, 0]","[0, 0, 8]",True,True,True,hip://7,83,True,133.17,178.67,1.34168,872
187,85,8192,640,640,256,128,1,512,1,1,4,2,16,4,4,4,0,"[256, 128, 0]","[4, 4, 0]","[0, 0, 1]",True,True,True,hip://5,84,True,129.17,155.0,1.2,648
1253,86,8192,640,640,64,128,1,512,1,1,2,4,16,4,2,2,0,"[64, 128, 0]","[2, 2, 0]","[0, 0, 1]",True,True,True,hip://2,85,True,132.83,163.67,1.23212,700
822,87,8192,640,640,256,64,2,128,1,1,2,1,16,4,8,4,0,"[256, 64, 0]","[8, 4, 0]","[0, 0, 2]",True,True,True,hip://6,86,True,133.0,168.67,1.26817,761
1462,88,8192,640,640,32,64,4,256,1,1,2,2,16,4,1,2,0,"[32, 64, 0]","[1, 2, 0]","[0, 0, 4]",True,True,True,hip://7,87,True,133.17,232.0,1.74218,1292
1408,89,8192,640,640,32,80,16,128,1,1,2,1,16,4,1,5,0,"[32, 80, 0]","[1, 5, 0]","[0, 0, 16]",True,True,True,hip://5,88,True,129.17,115.0,0.89032,76
1672,90,8192,640,640,16,160,16,320,1,1,1,5,16,4,1,2,0,"[16, 160, 0]","[1, 2, 0]","[0, 0, 16]",True,True,True,hip://2,89,True,132.83,125.33,0.94354,172
1341,91,8192,640,640,64,64,20,512,1,1,2,4,16,4,2,1,0,"[64, 64, 0]","[2, 1, 0]","[0, 0, 20]",True,True,True,hip://6,90,True,133.0,161.33,1.21303,673
598,92,8192,640,640,16,64,4,256,1,1,1,4,16,4,1,1,0,"[16, 64, 0]","[1, 1, 0]","[0, 0, 4]",True,True,True,hip://7,91,True,133.17,179.0,1.34418,877
443,93,8192,640,640,128,128,4,256,1,1,4,1,16,4,2,8,0,"[128, 128, 0]","[2, 8, 0]","[0, 0, 4]",True,True,True,hip://5,92,True,129.17,138.33,1.07097,384
1427,94,8192,640,640,512,160,1,256,1,1,2,2,16,4,16,5,0,"[512, 160, 0]","[16, 5, 0]","[0, 0, 1]",True,True,True,hip://2,93,True,132.83,137.33,1.03388,316
1139,95,8192,640,640,128,160,2,128,1,1,2,1,16,4,4,10,0,"[128, 160, 0]","[4, 10, 0]","[0, 0, 2]",True,True,True,hip://6,94,True,133.0,1460.0,10.97744,1732
1688,96,8192,640,640,32,160,1,320,1,1,1,5,16,4,2,2,0,"[32, 160, 0]","[2, 2, 0]","[0, 0, 1]",True,True,True,hip://7,95,True,133.17,220.0,1.65207,1236
718,97,8192,640,640,128,80,5,512,1,1,8,1,16,4,1,5,0,"[128, 80, 0]","[1, 5, 0]","[0, 0, 5]",True,True,True,hip://5,96,True,129.17,204.0,1.57935,1173
1602,98,8192,640,640,256,80,1,320,1,1,1,5,16,4,16,1,0,"[256, 80, 0]","[16, 1, 0]","[0, 0, 1]",True,True,True,hip://2,97,True,132.83,131.33,0.98871,240
132,99,8192,640,640,128,32,5,128,1,1,1,2,16,4,8,1,0,"[128, 32, 0]","[8, 1, 0]","[0, 0, 5]",True,True,True,hip://6,98,True,133.0,172.0,1.29323,794
1113,100,8192,640,640,32,160,10,640,1,1,1,10,16,4,2,1,0,"[32, 160, 0]","[2, 1, 0]","[0, 0, 10]",True,True,True,hip://7,99,True,133.17,188.33,1.41427,978
24,101,8192,640,640,128,80,2,640,1,1,2,5,16,4,4,1,0,"[128, 80, 0]","[4, 1, 0]","[0, 0, 2]",True,True,True,hip://5,100,True,129.17,183.0,1.41677,982
1762,102,8192,640,640,32,64,40,256,1,1,1,4,16,4,2,1,0,"[32, 64, 0]","[2, 1, 0]","[0, 0, 40]",True,True,True,hip://2,101,True,132.83,117.33,0.88331,63
1267,103,8192,640,640,256,128,2,256,1,1,2,2,16,4,8,4,0,"[256, 128, 0]","[8, 4, 0]","[0, 0, 2]",True,True,True,hip://6,102,True,133.0,140.67,1.05764,355
1016,104,8192,640,640,64,160,5,640,1,1,2,5,16,4,2,2,0,"[64, 160, 0]","[2, 2, 0]","[0, 0, 5]",True,True,True,hip://7,103,True,133.17,155.67,1.16896,590
125,105,8192,640,640,128,128,10,128,1,1,1,2,16,4,8,4,0,"[128, 128, 0]","[8, 4, 0]","[0, 0, 10]",True,True,True,hip://5,104,True,129.17,144.33,1.11742,476
182,106,8192,640,640,256,128,5,512,1,1,4,2,16,4,4,4,0,"[256, 128, 0]","[4, 4, 0]","[0, 0, 5]",True,True,True,hip://2,105,True,132.83,252.0,1.89711,1363
1225,107,8192,640,640,128,160,5,320,1,1,1,5,16,4,8,2,0,"[128, 160, 0]","[8, 2, 0]","[0, 0, 5]",True,True,True,hip://6,106,True,133.0,183.33,1.37845,924
394,108,8192,640,640,64,32,32,256,1,1,4,1,16,4,1,2,0,"[64, 32, 0]","[1, 2, 0]","[0, 0, 32]",True,True,True,hip://7,107,True,133.17,173.33,1.30163,810
1368,109,8192,640,640,64,160,16,128,1,1,2,1,16,4,2,10,0,"[64, 160, 0]","[2, 10, 0]","[0, 0, 16]",True,True,True,hip://5,108,True,129.17,140.67,1.08903,420
674,110,8192,640,640,256,64,8,512,1,1,8,1,16,4,2,4,0,"[256, 64, 0]","[2, 4, 0]","[0, 0, 8]",True,True,True,hip://2,109,True,132.83,186.33,1.40276,966
1692,111,8192,640,640,64,80,8,320,1,1,1,5,16,4,4,1,0,"[64, 80, 0]","[4, 1, 0]","[0, 0, 8]",True,True,True,hip://6,110,True,133.0,165.67,1.24561,723
485,112,8192,640,640,32,320,4,128,1,1,1,2,16,4,2,10,0,"[32, 320, 0]","[2, 10, 0]","[0, 0, 4]",True,True,True,hip://7,111,True,133.17,167.33,1.25657,742
1175,113,8192,640,640,128,160,1,320,1,1,1,5,16,4,8,2,0,"[128, 160, 0]","[8, 2, 0]","[0, 0, 1]",True,True,True,hip://5,112,True,129.17,119.33,0.92387,141
656,114,8192,640,640,256,80,4,512,1,1,8,1,16,4,2,5,0,"[256, 80, 0]","[2, 5, 0]","[0, 0, 4]",True,True,True,hip://2,113,True,132.83,169.67,1.27729,775
1397,115,8192,640,640,32,32,20,128,1,1,2,1,16,4,1,2,0,"[32, 32, 0]","[1, 2, 0]","[0, 0, 20]",True,True,True,hip://6,114,True,133.0,112.67,0.84712,23
342,116,8192,640,640,64,320,8,256,1,1,4,1,16,4,1,20,0,"[64, 320, 0]","[1, 20, 0]","[0, 0, 8]",True,True,True,hip://7,115,True,133.17,137.33,1.03129,311
213,117,8192,640,640,256,160,2,512,1,1,4,2,16,4,4,5,0,"[256, 160, 0]","[4, 5, 0]","[0, 0, 2]",True,True,True,hip://5,116,True,129.17,126.67,0.98065,225
1464,118,8192,640,640,32,64,4,512,1,1,2,4,16,4,1,1,0,"[32, 64, 0]","[1, 1, 0]","[0, 0, 4]",True,True,True,hip://2,117,True,132.83,164.33,1.23714,710
1269,119,8192,640,640,256,128,5,256,1,1,2,2,16,4,8,4,0,"[256, 128, 0]","[8, 4, 0]","[0, 0, 5]",True,True,True,hip://6,118,True,133.0,134.33,1.01003,281
902,120,8192,640,640,128,16,8,64,1,1,1,1,16,4,8,1,0,"[128, 16, 0]","[8, 1, 0]","[0, 0, 8]",True,True,True,hip://7,119,True,133.17,193.67,1.45432,1029
1270,121,8192,640,640,32,128,4,256,1,1,2,2,16,4,1,4,0,"[32, 128, 0]","[1, 4, 0]","[0, 0, 4]",True,True,True,hip://5,120,True,129.17,148.0,1.14581,542
1674,122,8192,640,640,16,160,8,320,1,1,1,5,16,4,1,2,0,"[16, 160, 0]","[1, 2, 0]","[0, 0, 8]",True,True,True,hip://2,121,True,132.83,116.33,0.87578,54
361,123,8192,640,640,64,128,4,256,1,1,4,1,16,4,1,8,0,"[64, 128, 0]","[1, 8, 0]","[0, 0, 4]",True,True,True,hip://6,122,True,133.0,159.67,1.2005,650
415,124,8192,640,640,128,16,20,256,1,1,4,1,16,4,2,1,0,"[128, 16, 0]","[2, 1, 0]","[0, 0, 20]",True,True,True,hip://7,123,True,133.17,118.0,0.88611,69
1293,125,8192,640,640,64,16,2,128,1,1,2,1,16,4,2,1,0,"[64, 16, 0]","[2, 1, 0]","[0, 0, 2]",True,True,True,hip://5,124,True,129.17,187.67,1.4529,1027
626,126,8192,640,640,32,320,4,128,1,1,2,1,16,4,1,20,0,"[32, 320, 0]","[1, 20, 0]","[0, 0, 4]",True,True,True,hip://2,125,True,132.83,215.33,1.62108,1209
1109,127,8192,640,640,64,160,16,640,1,1,1,10,16,4,4,1,0,"[64, 160, 0]","[4, 1, 0]","[0, 0, 16]",True,True,True,hip://6,126,True,133.0,122.0,0.91729,127
409,128,8192,640,640,128,160,10,256,1,1,4,1,16,4,2,10,0,"[128, 160, 0]","[2, 10, 0]","[0, 0, 10]",True,True,True,hip://7,127,True,133.17,141.0,1.05882,356
1522,129,8192,640,640,512,32,5,128,1,1,1,2,16,4,32,1,0,"[512, 32, 0]","[32, 1, 0]","[0, 0, 5]",True,True,True,hip://5,128,True,129.17,158.67,1.22839,692
856,130,8192,640,640,256,80,2,64,1,1,1,1,16,4,16,5,0,"[256, 80, 0]","[16, 5, 0]","[0, 0, 2]",True,True,True,hip://2,129,True,132.83,592.33,4.45922,1661
371,131,8192,640,640,64,32,8,256,1,1,4,1,16,4,1,2,0,"[64, 32, 0]","[1, 2, 0]","[0, 0, 8]",True,True,True,hip://6,130,True,133.0,429.0,3.22556,1622
1089,132,8192,640,640,16,320,2,640,1,1,1,10,16,4,1,2,0,"[16, 320, 0]","[1, 2, 0]","[0, 0, 2]",True,True,True,hip://7,131,True,133.17,101.67,0.76345,1
917,133,8192,640,640,16,160,5,64,1,1,1,1,16,4,1,10,0,"[16, 160, 0]","[1, 10, 0]","[0, 0, 5]",True,True,True,hip://5,132,True,129.17,210.0,1.62581,1213
717,134,8192,640,640,128,160,2,512,1,1,8,1,16,4,1,10,0,"[128, 160, 0]","[1, 10, 0]","[0, 0, 2]",True,True,True,hip://2,133,True,132.83,364.33,2.74279,1573
474,135,8192,640,640,32,320,2,256,1,1,2,2,16,4,1,10,0,"[32, 320, 0]","[1, 10, 0]","[0, 0, 2]",True,True,True,hip://6,134,True,133.0,128.0,0.96241,199
1020,136,8192,640,640,32,160,16,640,1,1,2,5,16,4,1,2,0,"[32, 160, 0]","[1, 2, 0]","[0, 0, 16]",True,True,True,hip://7,135,True,133.17,172.33,1.29412,796
112,137,8192,640,640,128,128,10,256,1,1,2,2,16,4,4,4,0,"[128, 128, 0]","[4, 4, 0]","[0, 0, 10]",True,True,True,hip://5,136,True,129.17,133.33,1.03226,314
550,138,8192,640,640,32,32,4,64,1,1,1,1,16,4,2,2,0,"[32, 32, 0]","[2, 2, 0]","[0, 0, 4]",True,True,True,hip://2,137,True,132.83,158.67,1.19448,633
378,139,8192,640,640,64,16,4,256,1,1,4,1,16,4,1,1,0,"[64, 16, 0]","[1, 1, 0]","[0, 0, 4]",True,True,True,hip://6,138,True,133.0,125.67,0.94486,177
909,140,8192,640,640,16,32,2,64,1,1,1,1,16,4,1,2,0,"[16, 32, 0]","[1, 2, 0]","[0, 0, 2]",True,True,True,hip://7,139,True,133.17,130.33,0.97872,224
1400,141,8192,640,640,32,160,1,128,1,1,2,1,16,4,1,10,0,"[32, 160, 0]","[1, 10, 0]","[0, 0, 1]",True,True,True,hip://5,140,True,129.17,235.33,1.82194,1330
769,142,8192,640,640,128,128,10,64,1,1,1,1,16,4,8,8,0,"[128, 128, 0]","[8, 8, 0]","[0, 0, 10]",True,True,True,hip://2,141,True,132.83,240.33,1.80928,1323
1121,143,8192,640,640,512,320,2,640,1,1,1,10,16,4,32,2,0,"[512, 320, 0]","[32, 2, 0]","[0, 0, 2]",True,True,True,hip://6,142,True,133.0,760.0,5.71429,1690
45,144,8192,640,640,128,320,1,512,1,1,4,2,16,4,2,10,0,"[128, 320, 0]","[2, 10, 0]","[0, 0, 1]",True,True,True,hip://7,143,True,133.17,1803.33,13.54193,1744
627,145,8192,640,640,32,128,4,128,1,1,2,1,16,4,1,8,0,"[32, 128, 0]","[1, 8, 0]","[0, 0, 4]",True,True,True,hip://5,144,True,129.17,184.67,1.42968,1002
1108,146,8192,640,640,16,160,16,640,1,1,1,10,16,4,1,1,0,"[16, 160, 0]","[1, 1, 0]","[0, 0, 16]",True,True,True,hip://2,145,True,132.83,127.0,0.95609,189
814,147,8192,640,640,256,16,1,128,1,1,2,1,16,4,8,1,0,"[256, 16, 0]","[8, 1, 0]","[0, 0, 1]",True,True,True,hip://6,146,True,133.0,144.67,1.08772,415
349,148,8192,640,640,64,128,8,256,1,1,4,1,16,4,1,8,0,"[64, 128, 0]","[1, 8, 0]","[0, 0, 8]",True,True,True,hip://7,147,True,133.17,356.0,2.67334,1563
290,149,8192,640,640,512,64,1,64,1,1,1,1,16,4,32,4,0,"[512, 64, 0]","[32, 4, 0]","[0, 0, 1]",True,True,True,hip://5,148,True,129.17,130.33,1.00903,279
695,150,8192,640,640,128,16,16,512,1,1,8,1,16,4,1,1,0,"[128, 16, 0]","[1, 1, 0]","[0, 0, 16]",True,True,True,hip://2,149,True,132.83,1290.0,9.71142,1723
1262,151,8192,640,640,64,128,1,256,1,1,2,2,16,4,2,4,0,"[64, 128, 0]","[2, 4, 0]","[0, 0, 1]",True,True,True,hip://6,150,True,133.0,136.0,1.02256,297
60,152,8192,640,640,128,32,4,512,1,1,4,2,16,4,2,1,0,"[128, 32, 0]","[2, 1, 0]","[0, 0, 4]",True,True,True,hip://7,151,True,133.17,177.67,1.33417,864
1733,153,8192,640,640,32,80,2,64,1,1,1,1,16,4,2,5,0,"[32, 80, 0]","[2, 5, 0]","[0, 0, 2]",True,True,True,hip://5,152,True,129.17,120.33,0.93161,153
978,154,8192,640,640,64,80,10,640,1,1,2,5,16,4,2,1,0,"[64, 80, 0]","[2, 1, 0]","[0, 0, 10]",True,True,True,hip://2,153,True,132.83,161.67,1.21706,677
651,155,8192,640,640,64,32,4,128,1,1,2,1,16,4,2,2,0,"[64, 32, 0]","[2, 2, 0]","[0, 0, 4]",True,True,True,hip://6,154,True,133.0,184.0,1.38346,931
772,156,8192,640,640,32,32,10,64,1,1,1,1,16,4,2,2,0,"[32, 32, 0]","[2, 2, 0]","[0, 0, 10]",True,True,True,hip://7,155,True,133.17,110.0,0.82603,15
547,157,8192,640,640,16,160,4,320,1,1,1,5,16,4,1,2,0,"[16, 160, 0]","[1, 2, 0]","[0, 0, 4]",True,True,True,hip://5,156,True,129.17,119.33,0.92387,142
662,158,8192,640,640,256,128,1,512,1,1,8,1,16,4,2,8,0,"[256, 128, 0]","[2, 8, 0]","[0, 0, 1]",True,True,True,hip://2,157,True,132.83,132.0,0.99373,249
1254,159,8192,640,640,64,128,4,512,1,1,2,4,16,4,2,2,0,"[64, 128, 0]","[2, 2, 0]","[0, 0, 4]",True,True,True,hip://6,158,True,133.0,167.67,1.26065,747
1045,160,8192,640,640,64,160,2,640,1,1,2,5,16,4,2,2,0,"[64, 160, 0]","[2, 2, 0]","[0, 0, 2]",True,True,True,hip://7,159,True,133.17,113.67,0.85357,30
1628,161,8192,640,640,32,160,5,64,1,1,1,1,16,4,2,10,0,"[32, 160, 0]","[2, 10, 0]","[0, 0, 5]",True,True,True,hip://5,160,True,129.17,114.33,0.88516,65
207,162,8192,640,640,256,320,5,512,1,1,4,2,16,4,4,10,0,"[256, 320, 0]","[4, 10, 0]","[0, 0, 5]",True,True,True,hip://2,161,True,132.83,410.0,3.08657,1612
1347,163,8192,640,640,64,160,16,256,1,1,2,2,16,4,2,5,0,"[64, 160, 0]","[2, 5, 0]","[0, 0, 16]",True,True,True,hip://6,162,True,133.0,315.0,2.36842,1498
731,164,8192,640,640,128,64,1,512,1,1,8,1,16,4,1,4,0,"[128, 64, 0]","[1, 4, 0]","[0, 0, 1]",True,True,True,hip://7,163,True,133.17,120.67,0.90613,105
86,165,8192,640,640,128,160,2,128,1,1,1,2,16,4,8,5,0,"[128, 160, 0]","[8, 5, 0]","[0, 0, 2]",True,True,True,hip://5,164,True,129.17,175.67,1.36,896
545,166,8192,640,640,64,80,4,320,1,1,1,5,16,4,4,1,0,"[64, 80, 0]","[4, 1, 0]","[0, 0, 4]",True,True,True,hip://2,165,True,132.83,226.67,1.7064,1271
1502,167,8192,640,640,16,32,32,128,1,1,1,2,16,4,1,1,0,"[16, 32, 0]","[1, 1, 0]","[0, 0, 32]",True,True,True,hip://6,166,True,133.0,119.33,0.89724,92
1031,168,8192,640,640,16,128,1,512,1,1,1,8,16,4,1,1,0,"[16, 128, 0]","[1, 1, 0]","[0, 0, 1]",True,True,True,hip://7,167,True,133.17,150.0,1.12641,501
382,169,8192,640,640,64,16,10,256,1,1,4,1,16,4,1,1,0,"[64, 16, 0]","[1, 1, 0]","[0, 0, 10]",True,True,True,hip://5,168,True,129.17,330.67,2.56,1544
911,170,8192,640,640,16,320,8,64,1,1,1,1,16,4,1,20,0,"[16, 320, 0]","[1, 20, 0]","[0, 0, 8]",True,True,True,hip://2,169,True,132.83,197.67,1.48808,1077
354,171,8192,640,640,64,80,16,256,1,1,4,1,16,4,1,5,0,"[64, 80, 0]","[1, 5, 0]","[0, 0, 16]",True,True,True,hip://6,170,True,133.0,436.67,3.28321,1623
384,172,8192,640,640,64,16,20,256,1,1,4,1,16,4,1,1,0,"[64, 16, 0]","[1, 1, 0]","[0, 0, 20]",True,True,True,hip://7,171,True,133.17,134.33,1.00876,277
997,173,8192,640,640,64,80,5,640,1,1,2,5,16,4,2,1,0,"[64, 80, 0]","[2, 1, 0]","[0, 0, 5]",True,True,True,hip://5,172,True,129.17,161.33,1.24903,726
27,174,8192,640,640,128,160,5,640,1,1,2,5,16,4,4,2,0,"[128, 160, 0]","[4, 2, 0]","[0, 0, 5]",True,True,True,hip://2,173,True,132.83,120.67,0.90841,109
1183,175,8192,640,640,128,128,16,256,1,1,1,4,16,4,8,2,0,"[128, 128, 0]","[8, 2, 0]","[0, 0, 16]",True,True,True,hip://6,174,True,133.0,144.67,1.08772,416
387,176,8192,640,640,64,64,10,256,1,1,4,1,16,4,1,4,0,"[64, 64, 0]","[1, 4, 0]","[0, 0, 10]",True,True,True,hip://7,175,True,133.17,290.0,2.17772,1446
1556,177,8192,640,640,16,64,16,128,1,1,1,2,16,4,1,2,0,"[16, 64, 0]","[1, 2, 0]","[0, 0, 16]",True,True,True,hip://5,176,True,129.17,144.0,1.11484,472
176,178,8192,640,640,64,32,4,512,1,1,4,2,16,4,1,1,0,"[64, 32, 0]","[1, 1, 0]","[0, 0, 4]",True,True,True,hip://2,177,True,132.83,132.0,0.99373,250
1645,179,8192,640,640,512,80,5,320,1,1,1,5,16,4,32,1,0,"[512, 80, 0]","[32, 1, 0]","[0, 0, 5]",True,True,True,hip://6,178,True,133.0,116.33,0.87469,52
345,180,8192,640,640,128,320,5,256,1,1,4,1,16,4,2,20,0,"[128, 320, 0]","[2, 20, 0]","[0, 0, 5]",True,True,True,hip://7,179,True,133.17,283.33,2.12766,1429
1799,181,8192,640,640,64,32,40,64,1,1,1,1,16,4,4,2,0,"[64, 32, 0]","[4, 2, 0]","[0, 0, 40]",True,True,True,hip://5,180,True,129.17,248.33,1.92258,1371
1631,182,8192,640,640,64,128,5,64,1,1,1,1,16,4,4,8,0,"[64, 128, 0]","[4, 8, 0]","[0, 0, 5]",True,True,True,hip://2,181,True,132.83,308.33,2.3212,1485
5,183,8192,640,640,256,64,1,512,1,1,2,4,16,4,8,1,0,"[256, 64, 0]","[8, 1, 0]","[0, 0, 1]",True,True,True,hip://6,182,True,133.0,146.67,1.10276,446
199,184,8192,640,640,512,64,5,512,1,1,4,2,16,4,8,2,0,"[512, 64, 0]","[8, 2, 0]","[0, 0, 5]",True,True,True,hip://7,183,True,133.17,196.67,1.47685,1060
397,185,8192,640,640,64,64,5,256,1,1,4,1,16,4,1,4,0,"[64, 64, 0]","[1, 4, 0]","[0, 0, 5]",True,True,True,hip://5,184,True,129.17,168.67,1.30581,819
544,186,8192,640,640,16,80,4,320,1,1,1,5,16,4,1,1,0,"[16, 80, 0]","[1, 1, 0]","[0, 0, 4]",True,True,True,hip://2,185,True,132.83,136.33,1.02635,302
1202,187,8192,640,640,128,80,5,64,1,1,1,1,16,4,8,5,0,"[128, 80, 0]","[8, 5, 0]","[0, 0, 5]",True,True,True,hip://6,186,True,133.0,128.0,0.96241,200
1748,188,8192,640,640,16,128,16,256,1,1,1,4,16,4,1,2,0,"[16, 128, 0]","[1, 2, 0]","[0, 0, 16]",True,True,True,hip://7,187,True,133.17,230.0,1.72716,1280
1406,189,8192,640,640,32,80,32,128,1,1,2,1,16,4,1,5,0,"[32, 80, 0]","[1, 5, 0]","[0, 0, 32]",True,True,True,hip://5,188,True,129.17,161.67,1.25161,733
1501,190,8192,640,640,16,32,80,128,1,1,1,2,16,4,1,1,0,"[16, 32, 0]","[1, 1, 0]","[0, 0, 80]",True,True,True,hip://2,189,True,132.83,177.67,1.33752,869
876,191,8192,640,640,16,16,1,64,1,1,1,1,16,4,1,1,0,"[16, 16, 0]","[1, 1, 0]","[0, 0, 1]",True,True,True,hip://6,190,True,133.0,239.67,1.80201,1318
586,192,8192,640,640,128,128,4,256,1,1,1,4,16,4,8,2,0,"[128, 128, 0]","[8, 2, 0]","[0, 0, 4]",True,True,True,hip://5,191,True,129.17,436.67,3.38065,1625
1170,193,8192,640,640,128,64,2,128,1,1,2,1,16,4,4,4,0,"[128, 64, 0]","[4, 4, 0]","[0, 0, 2]",True,True,True,hip://7,192,True,133.17,143.33,1.07635,394
1006,194,8192,640,640,256,320,5,640,1,1,2,5,16,4,8,4,0,"[256, 320, 0]","[8, 4, 0]","[0, 0, 5]",True,True,True,hip://2,193,True,132.83,138.0,1.0389,327
1359,195,8192,640,640,64,160,5,256,1,1,2,2,16,4,2,5,0,"[64, 160, 0]","[2, 5, 0]","[0, 0, 5]",True,True,True,hip://6,194,True,133.0,353.0,2.65414,1559
693,196,8192,640,640,128,16,20,512,1,1,8,1,16,4,1,1,0,"[128, 16, 0]","[1, 1, 0]","[0, 0, 20]",True,True,True,hip://7,195,True,133.17,135.67,1.01877,291
1486,197,8192,640,640,256,64,8,128,1,1,1,2,16,4,16,2,0,"[256, 64, 0]","[16, 2, 0]","[0, 0, 8]",True,True,True,hip://5,196,True,129.17,140.0,1.08387,410
477,198,8192,640,640,16,320,5,128,1,1,1,2,16,4,1,10,0,"[16, 320, 0]","[1, 10, 0]","[0, 0, 5]",True,True,True,hip://2,197,True,132.83,265.33,1.99749,1392
1714,199,8192,640,640,32,160,16,320,1,1,1,5,16,4,2,2,0,"[32, 160, 0]","[2, 2, 0]","[0, 0, 16]",True,True,True,hip://6,198,True,133.0,317.33,2.38596,1499
264,200,8192,640,640,512,32,2,256,1,1,4,1,16,4,8,2,0,"[512, 32, 0]","[8, 2, 0]","[0, 0, 2]",True,True,True,hip://7,199,True,133.17,177.33,1.33166,861
1383,201,8192,640,640,32,32,20,256,1,1,2,2,16,4,1,1,0,"[32, 32, 0]","[1, 1, 0]","[0, 0, 20]",True,True,True,hip://5,200,True,129.17,196.33,1.52,1120
18,202,8192,640,640,32,80,1,640,1,1,2,5,16,4,1,1,0,"[32, 80, 0]","[1, 1, 0]","[0, 0, 1]",True,True,True,hip://2,201,True,132.83,162.0,1.21957,681
773,203,8192,640,640,16,16,10,64,1,1,1,1,16,4,1,1,0,"[16, 16, 0]","[1, 1, 0]","[0, 0, 10]",True,True,True,hip://6,202,True,133.0,295.33,2.22055,1463
1503,204,8192,640,640,16,32,20,128,1,1,1,2,16,4,1,1,0,"[16, 32, 0]","[1, 1, 0]","[0, 0, 20]",True,True,True,hip://7,203,True,133.17,264.0,1.98248,1389
791,205,8192,640,640,64,128,10,128,1,1,2,1,16,4,2,8,0,"[64, 128, 0]","[2, 8, 0]","[0, 0, 10]",True,True,True,hip://5,204,True,129.17,181.33,1.40387,969
422,206,8192,640,640,128,16,4,256,1,1,4,1,16,4,2,1,0,"[128, 16, 0]","[2, 1, 0]","[0, 0, 4]",True,True,True,hip://2,205,True,132.83,149.0,1.12171,486
574,207,8192,640,640,16,160,4,64,1,1,1,1,16,4,1,10,0,"[16, 160, 0]","[1, 10, 0]","[0, 0, 4]",True,True,True,hip://6,206,True,133.0,146.67,1.10276,447
498,208,8192,640,640,128,320,4,64,1,1,1,1,16,4,8,20,0,"[128, 320, 0]","[8, 20, 0]","[0, 0, 4]",True,True,True,hip://7,207,True,133.17,166.67,1.25156,732
286,209,8192,640,640,512,320,1,128,1,1,2,1,16,4,16,20,0,"[512, 320, 0]","[16, 20, 0]","[0, 0, 1]",True,True,True,hip://5,208,True,129.17,2640.0,20.43871,1780
591,210,8192,640,640,256,128,4,256,1,1,1,4,16,4,16,2,0,"[256, 128, 0]","[16, 2, 0]","[0, 0, 4]",True,True,True,hip://2,209,True,132.83,14000.0,105.39523,1820
1297,211,8192,640,640,32,32,2,128,1,1,2,1,16,4,1,2,0,"[32, 32, 0]","[1, 2, 0]","[0, 0, 2]",True,True,True,hip://6,210,True,133.0,152.0,1.14286,535
1152,212,8192,640,640,128,64,20,512,1,1,2,4,16,4,4,1,0,"[128, 64, 0]","[4, 1, 0]","[0, 0, 20]",True,True,True,hip://7,211,True,133.17,182.67,1.37171,915
241,213,8192,640,640,512,16,2,512,1,1,8,1,16,4,4,1,0,"[512, 16, 0]","[4, 1, 0]","[0, 0, 2]",True,True,True,hip://5,212,True,129.17,163.67,1.2671,757
1445,214,8192,640,640,32,320,10,512,1,1,2,4,16,4,1,5,0,"[32, 320, 0]","[1, 5, 0]","[0, 0, 10]",True,True,True,hip://2,213,True,132.83,227.67,1.71393,1275
1265,215,8192,640,640,32,128,1,128,1,1,2,1,16,4,1,8,0,"[32, 128, 0]","[1, 8, 0]","[0, 0, 1]",True,True,True,hip://6,214,True,133.0,177.33,1.33333,862
1210,216,8192,640,640,128,32,16,64,1,1,1,1,16,4,8,2,0,"[128, 32, 0]","[8, 2, 0]","[0, 0, 16]",True,True,True,hip://7,215,True,133.17,229.0,1.71965,1276
737,217,8192,640,640,128,160,4,512,1,1,8,1,16,4,1,10,0,"[128, 160, 0]","[1, 10, 0]","[0, 0, 4]",True,True,True,hip://5,216,True,129.17,317.67,2.45935,1519
1062,218,8192,640,640,256,64,4,512,1,1,2,4,16,4,8,1,0,"[256, 64, 0]","[8, 1, 0]","[0, 0, 4]",True,True,True,hip://2,217,True,132.83,142.67,1.07403,393
853,219,8192,640,640,256,64,8,64,1,1,1,1,16,4,16,4,0,"[256, 64, 0]","[16, 4, 0]","[0, 0, 8]",True,True,True,hip://6,218,True,133.0,149.67,1.12531,499
1741,220,8192,640,640,32,320,10,256,1,1,1,4,16,4,2,5,0,"[32, 320, 0]","[2, 5, 0]","[0, 0, 10]",True,True,True,hip://7,219,True,133.17,1010.0,7.58448,1707
357,221,8192,640,640,64,128,16,256,1,1,4,1,16,4,1,8,0,"[64, 128, 0]","[1, 8, 0]","[0, 0, 16]",True,True,True,hip://5,220,True,129.17,237.33,1.83742,1339
1100,222,8192,640,640,32,160,2,640,1,1,1,10,16,4,2,1,0,"[32, 160, 0]","[2, 1, 0]","[0, 0, 2]",True,True,True,hip://2,221,True,132.83,141.33,1.06399,368
983,223,8192,640,640,256,32,10,256,1,1,2,2,16,4,8,1,0,"[256, 32, 0]","[8, 1, 0]","[0, 0, 10]",True,True,True,hip://6,222,True,133.0,148.33,1.11529,474
926,224,8192,640,640,16,64,8,64,1,1,1,1,16,4,1,4,0,"[16, 64, 0]","[1, 4, 0]","[0, 0, 8]",True,True,True,hip://7,223,True,133.17,200.33,1.50438,1098
1391,225,8192,640,640,32,16,40,128,1,1,2,1,16,4,1,1,0,"[32, 16, 0]","[1, 1, 0]","[0, 0, 40]",True,True,True,hip://5,224,True,129.17,144.67,1.12,482
753,226,8192,640,640,32,16,10,64,1,1,1,1,16,4,2,1,0,"[32, 16, 0]","[2, 1, 0]","[0, 0, 10]",True,True,True,hip://2,225,True,132.83,155.0,1.16688,587
427,227,8192,640,640,128,32,4,256,1,1,4,1,16,4,2,2,0,"[128, 32, 0]","[2, 2, 0]","[0, 0, 4]",True,True,True,hip://6,226,True,133.0,201.33,1.51378,1107
288,228,8192,640,640,512,128,1,64,1,1,1,1,16,4,32,8,0,"[512, 128, 0]","[32, 8, 0]","[0, 0, 1]",True,True,True,hip://7,227,True,133.17,120.0,0.90113,100
153,229,8192,640,640,64,128,1,512,1,1,4,2,16,4,1,4,0,"[64, 128, 0]","[1, 4, 0]","[0, 0, 1]",True,True,True,hip://5,228,True,129.17,7673.33,59.40645,1814
894,230,8192,640,640,16,16,20,64,1,1,1,1,16,4,1,1,0,"[16, 16, 0]","[1, 1, 0]","[0, 0, 20]",True,True,True,hip://2,229,True,132.83,168.67,1.26976,763
658,231,8192,640,640,256,32,4,512,1,1,8,1,16,4,2,2,0,"[256, 32, 0]","[2, 2, 0]","[0, 0, 4]",True,True,True,hip://6,230,True,133.0,149.33,1.12281,492
1212,232,8192,640,640,128,64,16,64,1,1,1,1,16,4,8,4,0,"[128, 64, 0]","[8, 4, 0]","[0, 0, 16]",True,True,True,hip://7,231,True,133.17,135.0,1.01377,286
399,233,8192,640,640,64,80,4,256,1,1,4,1,16,4,1,5,0,"[64, 80, 0]","[1, 5, 0]","[0, 0, 4]",True,True,True,hip://5,232,True,129.17,345.33,2.67355,1564
1810,234,8192,640,640,32,160,8,64,1,1,1,1,16,4,2,10,0,"[32, 160, 0]","[2, 10, 0]","[0, 0, 8]",True,True,True,hip://2,233,True,132.83,125.33,0.94354,173
561,235,8192,640,640,64,128,4,64,1,1,1,1,16,4,4,8,0,"[64, 128, 0]","[4, 8, 0]","[0, 0, 4]",True,True,True,hip://6,234,True,133.0,177.0,1.33083,857
750,236,8192,640,640,256,32,10,256,1,1,4,1,16,4,4,2,0,"[256, 32, 0]","[4, 2, 0]","[0, 0, 10]",True,True,True,hip://7,235,True,133.17,144.33,1.08385,409
151,237,8192,640,640,64,128,2,512,1,1,4,2,16,4,1,4,0,"[64, 128, 0]","[1, 4, 0]","[0, 0, 2]",True,True,True,hip://5,236,True,129.17,202.0,1.56387,1160
238,238,8192,640,640,512,64,2,512,1,1,8,1,16,4,4,4,0,"[512, 64, 0]","[4, 4, 0]","[0, 0, 2]",True,True,True,hip://2,237,True,132.83,133.33,1.00376,269
578,239,8192,640,640,64,160,4,128,1,1,1,2,16,4,4,5,0,"[64, 160, 0]","[4, 5, 0]","[0, 0, 4]",True,True,True,hip://6,238,True,133.0,176.67,1.32832,853
274,240,8192,640,640,512,16,1,256,1,1,4,1,16,4,8,1,0,"[512, 16, 0]","[8, 1, 0]","[0, 0, 1]",True,True,True,hip://7,239,True,133.17,154.33,1.15895,569
28,241,8192,640,640,128,160,4,640,1,1,2,5,16,4,4,2,0,"[128, 160, 0]","[4, 2, 0]","[0, 0, 4]",True,True,True,hip://5,240,True,129.17,383.0,2.96516,1601
533,242,8192,640,640,128,160,4,320,1,1,1,5,16,4,8,2,0,"[128, 160, 0]","[8, 2, 0]","[0, 0, 4]",True,True,True,hip://2,241,True,132.83,120.0,0.90339,101
1770,243,8192,640,640,32,128,1,256,1,1,1,4,16,4,2,2,0,"[32, 128, 0]","[2, 2, 0]","[0, 0, 1]",True,True,True,hip://6,242,True,133.0,168.33,1.26566,754
1610,244,8192,640,640,256,128,10,256,1,1,1,4,16,4,16,2,0,"[256, 128, 0]","[16, 2, 0]","[0, 0, 10]",True,True,True,hip://7,243,True,133.17,213.33,1.602,1193
1255,245,8192,640,640,64,128,2,512,1,1,2,4,16,4,2,2,0,"[64, 128, 0]","[2, 2, 0]","[0, 0, 2]",True,True,True,hip://2,244,True,132.83,157.33,1.18444,613
684,246,8192,640,640,256,80,10,512,1,1,8,1,16,4,2,5,0,"[256, 80, 0]","[2, 5, 0]","[0, 0, 10]",True,True,True,hip://5,245,True,129.17,136.0,1.0529,344
297,247,8192,640,640,512,32,1,256,1,1,4,1,16,4,8,2,0,"[512, 32, 0]","[8, 2, 0]","[0, 0, 1]",True,True,True,hip://6,246,True,133.0,134.33,1.01003,282
827,248,8192,640,640,256,80,1,128,1,1,2,1,16,4,8,5,0,"[256, 80, 0]","[8, 5, 0]","[0, 0, 1]",True,True,True,hip://7,247,True,133.17,282.33,2.12015,1427
1004,249,8192,640,640,512,128,1,256,1,1,1,4,16,4,32,2,0,"[512, 128, 0]","[32, 2, 0]","[0, 0, 1]",True,True,True,hip://5,248,True,129.17,192.0,1.48645,1076
1797,250,8192,640,640,64,128,16,64,1,1,1,1,16,4,4,8,0,"[64, 128, 0]","[4, 8, 0]","[0, 0, 16]",True,True,True,hip://2,249,True,132.83,812.67,6.11794,1695
1829,251,8192,640,640,32,64,20,64,1,1,1,1,16,4,2,4,0,"[32, 64, 0]","[2, 4, 0]","[0, 0, 20]",True,True,True,hip://6,250,True,133.0,342.67,2.57644,1548
795,252,8192,640,640,128,80,10,128,1,1,2,1,16,4,4,5,0,"[128, 80, 0]","[4, 5, 0]","[0, 0, 10]",True,True,True,hip://7,251,True,133.17,179.67,1.34919,886
1721,253,8192,640,640,16,320,2,256,1,1,1,4,16,4,1,5,0,"[16, 320, 0]","[1, 5, 0]","[0, 0, 2]",True,True,True,hip://2,252,True,132.83,255.67,1.92472,1372
1331,254,8192,640,640,64,32,10,256,1,1,2,2,16,4,2,1,0,"[64, 32, 0]","[2, 1, 0]","[0, 0, 10]",True,True,True,hip://5,253,True,129.17,190.0,1.47097,1050
1423,255,8192,640,640,512,320,4,512,1,1,2,4,16,4,16,5,0,"[512, 320, 0]","[16, 5, 0]","[0, 0, 4]",True,True,True,hip://6,254,True,133.0,149.0,1.1203,484
1448,256,8192,640,640,32,320,4,512,1,1,2,4,16,4,1,5,0,"[32, 320, 0]","[1, 5, 0]","[0, 0, 4]",True,True,True,hip://7,255,True,133.17,1930.0,14.49312,1749
967,257,8192,640,640,512,128,2,256,1,1,2,2,16,4,16,4,0,"[512, 128, 0]","[16, 4, 0]","[0, 0, 2]",True,True,True,hip://5,256,True,129.17,129.0,0.99871,260
837,258,8192,640,640,256,64,5,256,1,1,4,1,16,4,4,4,0,"[256, 64, 0]","[4, 4, 0]","[0, 0, 5]",True,True,True,hip://2,257,True,132.83,572.33,4.30866,1659
265,259,8192,640,640,512,64,2,128,1,1,2,1,16,4,16,4,0,"[512, 64, 0]","[16, 4, 0]","[0, 0, 2]",True,True,True,hip://6,258,True,133.0,189.0,1.42105,987
1475,260,8192,640,640,256,128,1,128,1,1,1,2,16,4,16,4,0,"[256, 128, 0]","[16, 4, 0]","[0, 0, 1]",True,True,True,hip://7,259,True,133.17,284.33,2.13517,1436
1509,261,8192,640,640,32,32,40,128,1,1,1,2,16,4,2,1,0,"[32, 32, 0]","[2, 1, 0]","[0, 0, 40]",True,True,True,hip://5,260,True,129.17,600.0,4.64516,1667
1147,262,8192,640,640,128,80,1,128,1,1,2,1,16,4,4,5,0,"[128, 80, 0]","[4, 5, 0]","[0, 0, 1]",True,True,True,hip://2,261,True,132.83,192.0,1.44542,1017
358,263,8192,640,640,64,128,20,256,1,1,4,1,16,4,1,8,0,"[64, 128, 0]","[1, 8, 0]","[0, 0, 20]",True,True,True,hip://6,262,True,133.0,164.33,1.23559,704
594,264,8192,640,640,32,32,4,128,1,1,1,2,16,4,2,1,0,"[32, 32, 0]","[2, 1, 0]","[0, 0, 4]",True,True,True,hip://7,263,True,133.17,140.0,1.05131,340
478,265,8192,640,640,16,320,1,128,1,1,1,2,16,4,1,10,0,"[16, 320, 0]","[1, 10, 0]","[0, 0, 1]",True,True,True,hip://5,264,True,129.17,113.67,0.88,61
1072,266,8192,640,640,128,320,8,640,1,1,1,10,16,4,8,2,0,"[128, 320, 0]","[8, 2, 0]","[0, 0, 8]",True,True,True,hip://2,265,True,132.83,323.67,2.43664,1512
1443,267,8192,640,640,32,160,1,256,1,1,2,2,16,4,1,5,0,"[32, 160, 0]","[1, 5, 0]","[0, 0, 1]",True,True,True,hip://6,266,True,133.0,209.67,1.57644,1168
517,268,8192,640,640,32,320,4,256,1,1,1,4,16,4,2,5,0,"[32, 320, 0]","[2, 5, 0]","[0, 0, 4]",True,True,True,hip://7,267,True,133.17,198.67,1.49186,1082
1598,269,8192,640,640,32,160,5,128,1,1,1,2,16,4,2,5,0,"[32, 160, 0]","[2, 5, 0]","[0, 0, 5]",True,True,True,hip://5,268,True,129.17,125.33,0.97032,208
989,270,8192,640,640,512,32,5,256,1,1,2,2,16,4,16,1,0,"[512, 32, 0]","[16, 1, 0]","[0, 0, 5]",True,True,True,hip://2,269,True,132.83,248.0,1.867,1348
344,271,8192,640,640,64,320,5,256,1,1,4,1,16,4,1,20,0,"[64, 320, 0]","[1, 20, 0]","[0, 0, 5]",True,True,True,hip://6,270,True,133.0,223.33,1.6792,1254
355,272,8192,640,640,64,80,20,256,1,1,4,1,16,4,1,5,0,"[64, 80, 0]","[1, 5, 0]","[0, 0, 20]",True,True,True,hip://7,271,True,133.17,189.33,1.42178,992
1324,273,8192,640,640,64,32,5,128,1,1,2,1,16,4,2,2,0,"[64, 32, 0]","[2, 2, 0]","[0, 0, 5]",True,True,True,hip://5,272,True,129.17,206.67,1.6,1191
648,274,8192,640,640,64,128,4,128,1,1,2,1,16,4,2,8,0,"[64, 128, 0]","[2, 8, 0]","[0, 0, 4]",True,True,True,hip://2,273,True,132.83,176.67,1.32999,856
1543,275,8192,640,640,64,128,10,128,1,1,1,2,16,4,4,4,0,"[64, 128, 0]","[4, 4, 0]","[0, 0, 10]",True,True,True,hip://6,274,True,133.0,142.67,1.07268,388
1250,276,8192,640,640,512,128,5,512,1,1,2,4,16,4,16,2,0,"[512, 128, 0]","[16, 2, 0]","[0, 0, 5]",True,True,True,hip://7,275,True,133.17,154.0,1.15645,565
759,277,8192,640,640,32,128,10,64,1,1,1,1,16,4,2,8,0,"[32, 128, 0]","[2, 8, 0]","[0, 0, 10]",True,True,True,hip://5,276,True,129.17,281.0,2.17548,1445
1660,278,8192,640,640,16,320,10,320,1,1,1,5,16,4,1,4,0,"[16, 320, 0]","[1, 4, 0]","[0, 0, 10]",True,True,True,hip://2,277,True,132.83,195.0,1.46801,1047
588,279,8192,640,640,128,64,4,256,1,1,1,4,16,4,8,1,0,"[128, 64, 0]","[8, 1, 0]","[0, 0, 4]",True,True,True,hip://6,278,True,133.0,184.0,1.38346,932
1278,280,8192,640,640,32,128,2,128,1,1,2,1,16,4,1,8,0,"[32, 128, 0]","[1, 8, 0]","[0, 0, 2]",True,True,True,hip://7,279,True,133.17,120.67,0.90613,106
296,281,8192,640,640,512,64,1,256,1,1,4,1,16,4,8,4,0,"[512, 64, 0]","[8, 4, 0]","[0, 0, 1]",True,True,True,hip://2,280,True,132.83,154.67,1.16437,581
1319,282,8192,640,640,64,32,32,128,1,1,2,1,16,4,2,2,0,"[64, 32, 0]","[2, 2, 0]","[0, 0, 32]",True,True,True,hip://5,281,True,129.17,187.0,1.44774,1019
657,283,8192,640,640,256,16,4,512,1,1,8,1,16,4,2,1,0,"[256, 16, 0]","[2, 1, 0]","[0, 0, 4]",True,True,True,hip://6,282,True,133.0,189.0,1.42105,988
709,284,8192,640,640,128,128,1,512,1,1,8,1,16,4,1,8,0,"[128, 128, 0]","[1, 8, 0]","[0, 0, 1]",True,True,True,hip://7,283,True,133.17,137.33,1.03129,312
1365,285,8192,640,640,64,160,1,128,1,1,2,1,16,4,2,10,0,"[64, 160, 0]","[2, 10, 0]","[0, 0, 1]",True,True,True,hip://2,284,True,132.83,171.67,1.29235,792
1380,286,8192,640,640,32,32,8,256,1,1,2,2,16,4,1,1,0,"[32, 32, 0]","[1, 1, 0]","[0, 0, 8]",True,True,True,hip://5,285,True,129.17,217.67,1.68516,1257
136,287,8192,640,640,128,64,10,128,1,1,1,2,16,4,8,2,0,"[128, 64, 0]","[8, 2, 0]","[0, 0, 10]",True,True,True,hip://6,286,True,133.0,102.33,0.76942,2
733,288,8192,640,640,128,16,4,512,1,1,8,1,16,4,1,1,0,"[128, 16, 0]","[1, 1, 0]","[0, 0, 4]",True,True,True,hip://7,287,True,133.17,153.67,1.15394,560
1690,289,8192,640,640,32,320,1,320,1,1,1,5,16,4,2,4,0,"[32, 320, 0]","[2, 4, 0]","[0, 0, 1]",True,True,True,hip://2,288,True,132.83,129.0,0.97114,210
1077,290,8192,640,640,64,320,10,640,1,1,1,10,16,4,4,2,0,"[64, 320, 0]","[4, 2, 0]","[0, 0, 10]",True,True,True,hip://5,289,True,129.17,199.67,1.54581,1143
1389,291,8192,640,640,32,32,8,128,1,1,2,1,16,4,1,2,0,"[32, 32, 0]","[1, 2, 0]","[0, 0, 8]",True,True,True,hip://6,290,True,133.0,122.67,0.92231,136
115,292,8192,640,640,128,320,1,128,1,1,1,2,16,4,8,10,0,"[128, 320, 0]","[8, 10, 0]","[0, 0, 1]",True,True,True,hip://7,291,True,133.17,114.0,0.85607,36
1307,293,8192,640,640,32,64,2,512,1,1,2,4,16,4,1,1,0,"[32, 64, 0]","[1, 1, 0]","[0, 0, 2]",True,True,True,hip://2,292,True,132.83,1013.33,7.62861,1710
1163,294,8192,640,640,128,32,8,128,1,1,2,1,16,4,4,2,0,"[128, 32, 0]","[4, 2, 0]","[0, 0, 8]",True,True,True,hip://5,293,True,129.17,169.0,1.30839,821
1710,295,8192,640,640,64,160,16,320,1,1,1,5,16,4,4,2,0,"[64, 160, 0]","[4, 2, 0]","[0, 0, 16]",True,True,True,hip://6,294,True,133.0,166.33,1.25063,730
1332,296,8192,640,640,64,32,5,256,1,1,2,2,16,4,2,1,0,"[64, 32, 0]","[2, 1, 0]","[0, 0, 5]",True,True,True,hip://7,295,True,133.17,163.67,1.22904,693
912,297,8192,640,640,16,80,8,64,1,1,1,1,16,4,1,5,0,"[16, 80, 0]","[1, 5, 0]","[0, 0, 8]",True,True,True,hip://2,296,True,132.83,162.33,1.22208,687
1024,298,8192,640,640,128,128,1,512,1,1,1,8,16,4,8,1,0,"[128, 128, 0]","[8, 1, 0]","[0, 0, 1]",True,True,True,hip://5,297,True,129.17,150.67,1.16645,583
1711,299,8192,640,640,64,160,10,320,1,1,1,5,16,4,4,2,0,"[64, 160, 0]","[4, 2, 0]","[0, 0, 10]",True,True,True,hip://6,298,True,133.0,170.67,1.28321,782
974,300,8192,640,640,64,80,16,640,1,1,2,5,16,4,2,1,0,"[64, 80, 0]","[2, 1, 0]","[0, 0, 16]",True,True,True,hip://7,299,True,133.17,142.0,1.06633,376
491,301,8192,640,640,512,320,1,128,1,1,1,2,16,4,32,10,0,"[512, 320, 0]","[32, 10, 0]","[0, 0, 1]",True,True,True,hip://2,300,True,132.83,163.33,1.22961,694
671,302,8192,640,640,256,80,2,512,1,1,8,1,16,4,2,5,0,"[256, 80, 0]","[2, 5, 0]","[0, 0, 2]",True,True,True,hip://5,301,True,129.17,14100.0,109.16129,1821
259,303,8192,640,640,512,160,2,64,1,1,1,1,16,4,32,10,0,"[512, 160, 0]","[32, 10, 0]","[0, 0, 2]",True,True,True,hip://6,302,True,133.0,124.33,0.93484,160
1418,304,8192,640,640,32,64,8,128,1,1,2,1,16,4,1,4,0,"[32, 64, 0]","[1, 4, 0]","[0, 0, 8]",True,True,True,hip://7,303,True,133.17,7373.33,55.36921,1813
53,305,8192,640,640,128,32,10,512,1,1,4,2,16,4,2,1,0,"[128, 32, 0]","[2, 1, 0]","[0, 0, 10]",True,True,True,hip://2,304,True,132.83,120.0,0.90339,102
180,306,8192,640,640,64,160,8,512,1,1,4,2,16,4,1,5,0,"[64, 160, 0]","[1, 5, 0]","[0, 0, 8]",True,True,True,hip://5,305,True,129.17,165.0,1.27742,776
159,307,8192,640,640,64,32,1,512,1,1,4,2,16,4,1,1,0,"[64, 32, 0]","[1, 1, 0]","[0, 0, 1]",True,True,True,hip://6,306,True,133.0,109.33,0.82206,14
307,308,8192,640,640,512,80,4,64,1,1,1,1,16,4,32,5,0,"[512, 80, 0]","[32, 5, 0]","[0, 0, 4]",True,True,True,hip://7,307,True,133.17,289.67,2.17522,1444
1244,309,8192,640,640,32,128,8,256,1,1,2,2,16,4,1,4,0,"[32, 128, 0]","[1, 4, 0]","[0, 0, 8]",True,True,True,hip://2,308,True,132.83,3050.0,22.9611,1786
1075,310,8192,640,640,16,320,10,640,1,1,1,10,16,4,1,2,0,"[16, 320, 0]","[1, 2, 0]","[0, 0, 10]",True,True,True,hip://6,309,True,133.0,115.67,0.86967,49
1642,311,8192,640,640,16,64,5,256,1,1,1,4,16,4,1,1,0,"[16, 64, 0]","[1, 1, 0]","[0, 0, 5]",True,True,True,hip://5,310,True,129.17,166.67,1.29032,789
181,312,8192,640,640,512,128,5,512,1,1,4,2,16,4,8,4,0,"[512, 128, 0]","[8, 4, 0]","[0, 0, 5]",True,True,True,hip://7,311,True,133.17,199.33,1.49687,1089
1340,313,8192,640,640,64,64,32,512,1,1,2,4,16,4,2,1,0,"[64, 64, 0]","[2, 1, 0]","[0, 0, 32]",True,True,True,hip://2,312,True,132.83,277.0,2.08532,1418
1229,314,8192,640,640,128,80,5,320,1,1,1,5,16,4,8,1,0,"[128, 80, 0]","[8, 1, 0]","[0, 0, 5]",True,True,True,hip://6,313,True,133.0,367.67,2.76441,1574
1702,315,8192,640,640,32,80,10,320,1,1,1,5,16,4,2,1,0,"[32, 80, 0]","[2, 1, 0]","[0, 0, 10]",True,True,True,hip://5,314,True,129.17,145.33,1.12516,497
1781,316,8192,640,640,32,128,20,512,1,1,1,8,16,4,2,1,0,"[32, 128, 0]","[2, 1, 0]","[0, 0, 20]",True,True,True,hip://7,315,True,133.17,188.33,1.41427,979
1511,317,8192,640,640,32,32,20,128,1,1,1,2,16,4,2,1,0,"[32, 32, 0]","[2, 1, 0]","[0, 0, 20]",True,True,True,hip://2,316,True,132.83,154.67,1.16437,582
1414,318,8192,640,640,32,64,16,128,1,1,2,1,16,4,1,4,0,"[32, 64, 0]","[1, 4, 0]","[0, 0, 16]",True,True,True,hip://5,317,True,129.17,134.0,1.03742,322
1603,319,8192,640,640,256,80,2,320,1,1,1,5,16,4,16,1,0,"[256, 80, 0]","[16, 1, 0]","[0, 0, 2]",True,True,True,hip://6,318,True,133.0,126.33,0.94987,185
1360,320,8192,640,640,64,80,1,128,1,1,2,1,16,4,2,5,0,"[64, 80, 0]","[2, 5, 0]","[0, 0, 1]",True,True,True,hip://7,319,True,133.17,200.0,1.50188,1093
1783,321,8192,640,640,64,160,1,64,1,1,1,1,16,4,4,10,0,"[64, 160, 0]","[4, 10, 0]","[0, 0, 1]",True,True,True,hip://2,320,True,132.83,183.33,1.38018,926
190,322,8192,640,640,256,128,2,512,1,1,4,2,16,4,4,4,0,"[256, 128, 0]","[4, 4, 0]","[0, 0, 2]",True,True,True,hip://6,321,True,133.0,275.67,2.07268,1410
1191,323,8192,640,640,128,64,5,256,1,1,1,4,16,4,8,1,0,"[128, 64, 0]","[8, 1, 0]","[0, 0, 5]",True,True,True,hip://5,322,True,129.17,149.67,1.15871,568
982,324,8192,640,640,256,64,10,512,1,1,2,4,16,4,8,1,0,"[256, 64, 0]","[8, 1, 0]","[0, 0, 10]",True,True,True,hip://7,323,True,133.17,158.67,1.19149,627
628,325,8192,640,640,32,160,4,128,1,1,2,1,16,4,1,10,0,"[32, 160, 0]","[1, 10, 0]","[0, 0, 4]",True,True,True,hip://2,324,True,132.83,190.0,1.43036,1003
1567,326,8192,640,640,16,64,10,128,1,1,1,2,16,4,1,2,0,"[16, 64, 0]","[1, 2, 0]","[0, 0, 10]",True,True,True,hip://5,325,True,129.17,125.0,0.96774,201
1313,327,8192,640,640,64,16,32,128,1,1,2,1,16,4,2,1,0,"[64, 16, 0]","[2, 1, 0]","[0, 0, 32]",True,True,True,hip://6,326,True,133.0,181.33,1.36341,899
1044,328,8192,640,640,16,160,1,640,1,1,1,10,16,4,1,1,0,"[16, 160, 0]","[1, 1, 0]","[0, 0, 1]",True,True,True,hip://7,327,True,133.17,206.0,1.54693,1144
682,329,8192,640,640,256,32,2,512,1,1,8,1,16,4,2,2,0,"[256, 32, 0]","[2, 2, 0]","[0, 0, 2]",True,True,True,hip://2,328,True,132.83,342.0,2.57465,1546
1294,330,8192,640,640,64,32,2,128,1,1,2,1,16,4,2,2,0,"[64, 32, 0]","[2, 2, 0]","[0, 0, 2]",True,True,True,hip://5,329,True,129.17,141.0,1.09161,426
1807,331,8192,640,640,32,128,1,64,1,1,1,1,16,4,2,8,0,"[32, 128, 0]","[2, 8, 0]","[0, 0, 1]",True,True,True,hip://6,330,True,133.0,169.67,1.27569,772
1663,332,8192,640,640,16,80,40,320,1,1,1,5,16,4,1,1,0,"[16, 80, 0]","[1, 1, 0]","[0, 0, 40]",True,True,True,hip://7,331,True,133.17,220.67,1.65707,1239
1566,333,8192,640,640,16,64,8,128,1,1,1,2,16,4,1,2,0,"[16, 64, 0]","[1, 2, 0]","[0, 0, 8]",True,True,True,hip://2,332,True,132.83,176.33,1.32748,852
376,334,8192,640,640,64,64,1,256,1,1,4,1,16,4,1,4,0,"[64, 64, 0]","[1, 4, 0]","[0, 0, 1]",True,True,True,hip://5,333,True,129.17,131.67,1.01935,293
881,335,8192,640,640,128,16,5,64,1,1,1,1,16,4,8,1,0,"[128, 16, 0]","[8, 1, 0]","[0, 0, 5]",True,True,True,hip://6,334,True,133.0,192.67,1.44862,1022
1646,336,8192,640,640,256,80,5,320,1,1,1,5,16,4,16,1,0,"[256, 80, 0]","[16, 1, 0]","[0, 0, 5]",True,True,True,hip://7,335,True,133.17,199.0,1.49437,1087
1424,337,8192,640,640,256,320,4,512,1,1,2,4,16,4,8,5,0,"[256, 320, 0]","[8, 5, 0]","[0, 0, 4]",True,True,True,hip://2,336,True,132.83,186.67,1.40527,972
1417,338,8192,640,640,32,64,5,128,1,1,2,1,16,4,1,4,0,"[32, 64, 0]","[1, 4, 0]","[0, 0, 5]",True,True,True,hip://5,337,True,129.17,320.67,2.48258,1523
1591,339,8192,640,640,512,64,5,128,1,1,1,2,16,4,32,2,0,"[512, 64, 0]","[32, 2, 0]","[0, 0, 5]",True,True,True,hip://6,338,True,133.0,181.33,1.36341,900
1773,340,8192,640,640,64,128,16,256,1,1,1,4,16,4,4,2,0,"[64, 128, 0]","[4, 2, 0]","[0, 0, 16]",True,True,True,hip://7,339,True,133.17,477.33,3.58448,1633
211,341,8192,640,640,256,160,1,512,1,1,4,2,16,4,4,5,0,"[256, 160, 0]","[4, 5, 0]","[0, 0, 1]",True,True,True,hip://2,340,True,132.83,137.67,1.03639,320
730,342,8192,640,640,128,32,2,512,1,1,8,1,16,4,1,2,0,"[128, 32, 0]","[1, 2, 0]","[0, 0, 2]",True,True,True,hip://5,341,True,129.17,182.33,1.41161,975
901,343,8192,640,640,64,16,8,64,1,1,1,1,16,4,4,1,0,"[64, 16, 0]","[4, 1, 0]","[0, 0, 8]",True,True,True,hip://6,342,True,133.0,149.0,1.1203,485
1727,344,8192,640,640,64,80,2,64,1,1,1,1,16,4,4,5,0,"[64, 80, 0]","[4, 5, 0]","[0, 0, 2]",True,True,True,hip://7,343,True,133.17,139.0,1.0438,333
855,345,8192,640,640,256,32,1,64,1,1,1,1,16,4,16,2,0,"[256, 32, 0]","[16, 2, 0]","[0, 0, 1]",True,True,True,hip://2,344,True,132.83,207.33,1.56085,1156
1290,346,8192,640,640,256,160,2,256,1,1,2,2,16,4,8,5,0,"[256, 160, 0]","[8, 5, 0]","[0, 0, 2]",True,True,True,hip://6,345,True,133.0,255.0,1.91729,1369
1739,347,8192,640,640,16,320,8,256,1,1,1,4,16,4,1,5,0,"[16, 320, 0]","[1, 5, 0]","[0, 0, 8]",True,True,True,hip://5,346,True,129.17,224.0,1.73419,1284
1096,348,8192,640,640,64,160,1,640,1,1,1,10,16,4,4,1,0,"[64, 160, 0]","[4, 1, 0]","[0, 0, 1]",True,True,True,hip://7,347,True,133.17,175.0,1.31414,834
400,349,8192,640,640,256,160,8,256,1,1,4,1,16,4,4,10,0,"[256, 160, 0]","[4, 10, 0]","[0, 0, 8]",True,True,True,hip://2,348,True,132.83,135.67,1.02133,296
1564,350,8192,640,640,16,64,2,128,1,1,1,2,16,4,1,2,0,"[16, 64, 0]","[1, 2, 0]","[0, 0, 2]",True,True,True,hip://6,349,True,133.0,182.33,1.37093,913
220,351,8192,640,640,256,64,2,512,1,1,4,2,16,4,4,2,0,"[256, 64, 0]","[4, 2, 0]","[0, 0, 2]",True,True,True,hip://5,350,True,129.17,233.67,1.80903,1322
518,352,8192,640,640,16,320,4,256,1,1,1,4,16,4,1,5,0,"[16, 320, 0]","[1, 5, 0]","[0, 0, 4]",True,True,True,hip://7,351,True,133.17,168.0,1.26158,750
771,353,8192,640,640,32,64,10,64,1,1,1,1,16,4,2,4,0,"[32, 64, 0]","[2, 4, 0]","[0, 0, 10]",True,True,True,hip://2,352,True,132.83,153.0,1.15182,556
1826,354,8192,640,640,32,32,16,64,1,1,1,1,16,4,2,2,0,"[32, 32, 0]","[2, 2, 0]","[0, 0, 16]",True,True,True,hip://6,353,True,133.0,130.0,0.97744,221
1416,355,8192,640,640,32,32,5,128,1,1,2,1,16,4,1,2,0,"[32, 32, 0]","[1, 2, 0]","[0, 0, 5]",True,True,True,hip://5,354,True,129.17,150.0,1.16129,572
1174,356,8192,640,640,128,320,1,320,1,1,1,5,16,4,8,4,0,"[128, 320, 0]","[8, 4, 0]","[0, 0, 1]",True,True,True,hip://7,355,True,133.17,170.0,1.2766,774
428,357,8192,640,640,128,32,5,256,1,1,4,1,16,4,2,2,0,"[128, 32, 0]","[2, 2, 0]","[0, 0, 5]",True,True,True,hip://2,356,True,132.83,239.33,1.80176,1317
712,358,8192,640,640,128,80,1,512,1,1,8,1,16,4,1,5,0,"[128, 80, 0]","[1, 5, 0]","[0, 0, 1]",True,True,True,hip://6,357,True,133.0,180.0,1.35338,888
166,359,8192,640,640,64,32,20,512,1,1,4,2,16,4,1,1,0,"[64, 32, 0]","[1, 1, 0]","[0, 0, 20]",True,True,True,hip://5,358,True,129.17,151.0,1.16903,591
960,360,8192,640,640,512,128,4,256,1,1,2,2,16,4,16,4,0,"[512, 128, 0]","[16, 4, 0]","[0, 0, 4]",True,True,True,hip://7,359,True,133.17,150.0,1.12641,502
1528,361,8192,640,640,64,128,1,128,1,1,1,2,16,4,4,4,0,"[64, 128, 0]","[4, 4, 0]","[0, 0, 1]",True,True,True,hip://2,360,True,132.83,294.0,2.2133,1462
1706,362,8192,640,640,32,320,2,320,1,1,1,5,16,4,2,4,0,"[32, 320, 0]","[2, 4, 0]","[0, 0, 2]",True,True,True,hip://6,361,True,133.0,176.0,1.32331,845
319,363,8192,640,640,512,128,4,128,1,1,2,1,16,4,16,8,0,"[512, 128, 0]","[16, 8, 0]","[0, 0, 4]",True,True,True,hip://5,362,True,129.17,128.67,0.99613,254
568,364,8192,640,640,256,128,4,64,1,1,1,1,16,4,16,8,0,"[256, 128, 0]","[16, 8, 0]","[0, 0, 4]",True,True,True,hip://7,363,True,133.17,2060.0,15.46934,1757
1081,365,8192,640,640,16,160,8,640,1,1,1,10,16,4,1,1,0,"[16, 160, 0]","[1, 1, 0]","[0, 0, 8]",True,True,True,hip://2,364,True,132.83,1563.33,11.76913,1738
1193,366,8192,640,640,128,64,2,256,1,1,1,4,16,4,8,1,0,"[128, 64, 0]","[8, 1, 0]","[0, 0, 2]",True,True,True,hip://6,365,True,133.0,132.0,0.99248,245
1248,367,8192,640,640,32,128,8,128,1,1,2,1,16,4,1,8,0,"[32, 128, 0]","[1, 8, 0]","[0, 0, 8]",True,True,True,hip://5,366,True,129.17,129.67,1.00387,271
829,368,8192,640,640,256,128,1,128,1,1,2,1,16,4,8,8,0,"[256, 128, 0]","[8, 8, 0]","[0, 0, 1]",True,True,True,hip://7,367,True,133.17,166.33,1.24906,729
1168,369,8192,640,640,128,64,1,128,1,1,2,1,16,4,4,4,0,"[128, 64, 0]","[4, 4, 0]","[0, 0, 1]",True,True,True,hip://2,368,True,132.83,686.0,5.16437,1680
862,370,8192,640,640,256,128,5,64,1,1,1,1,16,4,16,8,0,"[256, 128, 0]","[16, 8, 0]","[0, 0, 5]",True,True,True,hip://6,369,True,133.0,174.33,1.31078,826
1119,371,8192,640,640,512,320,1,640,1,1,1,10,16,4,32,2,0,"[512, 320, 0]","[32, 2, 0]","[0, 0, 1]",True,True,True,hip://5,370,True,129.17,1850.0,14.32258,1748
1774,372,8192,640,640,32,128,8,256,1,1,1,4,16,4,2,2,0,"[32, 128, 0]","[2, 2, 0]","[0, 0, 8]",True,True,True,hip://7,371,True,133.17,3170.0,23.80476,1788
364,373,8192,640,640,64,80,1,256,1,1,4,1,16,4,1,5,0,"[64, 80, 0]","[1, 5, 0]","[0, 0, 1]",True,True,True,hip://2,372,True,132.83,112.33,0.84567,22
251,374,8192,640,640,512,160,2,256,1,1,4,1,16,4,8,10,0,"[512, 160, 0]","[8, 10, 0]","[0, 0, 2]",True,True,True,hip://6,373,True,133.0,186.33,1.401,963
681,375,8192,640,640,256,32,1,512,1,1,8,1,16,4,2,2,0,"[256, 32, 0]","[2, 2, 0]","[0, 0, 1]",True,True,True,hip://5,374,True,129.17,887.33,6.86968,1703
1623,376,8192,640,640,256,128,5,256,1,1,1,4,16,4,16,2,0,"[256, 128, 0]","[16, 2, 0]","[0, 0, 5]",True,True,True,hip://7,375,True,133.17,222.33,1.66959,1246
1211,377,8192,640,640,128,64,20,64,1,1,1,1,16,4,8,4,0,"[128, 64, 0]","[8, 4, 0]","[0, 0, 20]",True,True,True,hip://2,376,True,132.83,190.67,1.43538,1010
1576,378,8192,640,640,64,64,1,128,1,1,1,2,16,4,4,2,0,"[64, 64, 0]","[4, 2, 0]","[0, 0, 1]",True,True,True,hip://6,377,True,133.0,396.33,2.97995,1602
1758,379,8192,640,640,32,128,10,256,1,1,1,4,16,4,2,2,0,"[32, 128, 0]","[2, 2, 0]","[0, 0, 10]",True,True,True,hip://5,378,True,129.17,199.33,1.54323,1139
1775,380,8192,640,640,32,128,20,256,1,1,1,4,16,4,2,2,0,"[32, 128, 0]","[2, 2, 0]","[0, 0, 20]",True,True,True,hip://7,379,True,133.17,162.67,1.22153,685
1051,381,8192,640,640,64,32,4,256,1,1,2,2,16,4,2,1,0,"[64, 32, 0]","[2, 1, 0]","[0, 0, 4]",True,True,True,hip://2,380,True,132.83,158.33,1.19197,630
685,382,8192,640,640,256,320,1,512,1,1,8,1,16,4,2,20,0,"[256, 320, 0]","[2, 20, 0]","[0, 0, 1]",True,True,True,hip://5,381,True,129.17,116.33,0.90065,99
815,383,8192,640,640,256,16,5,128,1,1,2,1,16,4,8,1,0,"[256, 16, 0]","[8, 1, 0]","[0, 0, 5]",True,True,True,hip://6,382,True,133.0,299.33,2.25063,1473
1357,384,8192,640,640,64,64,8,256,1,1,2,2,16,4,2,2,0,"[64, 64, 0]","[2, 2, 0]","[0, 0, 8]",True,True,True,hip://7,383,True,133.17,184.0,1.38173,929
266,385,8192,640,640,512,32,2,128,1,1,2,1,16,4,16,2,0,"[512, 32, 0]","[16, 2, 0]","[0, 0, 2]",True,True,True,hip://2,384,True,132.83,105.0,0.79046,4
1258,386,8192,640,640,32,128,4,512,1,1,2,4,16,4,1,2,0,"[32, 128, 0]","[1, 2, 0]","[0, 0, 4]",True,True,True,hip://5,385,True,129.17,259.33,2.00774,1395
1635,387,8192,640,640,16,128,5,256,1,1,1,4,16,4,1,2,0,"[16, 128, 0]","[1, 2, 0]","[0, 0, 5]",True,True,True,hip://6,386,True,133.0,118.67,0.89223,83
580,388,8192,640,640,512,128,4,128,1,1,1,2,16,4,32,4,0,"[512, 128, 0]","[32, 4, 0]","[0, 0, 4]",True,True,True,hip://7,387,True,133.17,173.67,1.30413,815
842,389,8192,640,640,256,16,1,256,1,1,4,1,16,4,4,1,0,"[256, 16, 0]","[4, 1, 0]","[0, 0, 1]",True,True,True,hip://2,388,True,132.83,1803.33,13.57591,1745
113,390,8192,640,640,128,128,5,256,1,1,2,2,16,4,4,4,0,"[128, 128, 0]","[4, 4, 0]","[0, 0, 5]",True,True,True,hip://5,389,True,129.17,335.33,2.59613,1551
1653,391,8192,640,640,16,160,5,320,1,1,1,5,16,4,1,2,0,"[16, 160, 0]","[1, 2, 0]","[0, 0, 5]",True,True,True,hip://6,390,True,133.0,179.33,1.34837,884
1636,392,8192,640,640,32,128,5,256,1,1,1,4,16,4,2,2,0,"[32, 128, 0]","[2, 2, 0]","[0, 0, 5]",True,True,True,hip://7,391,True,133.17,196.33,1.47434,1056
761,393,8192,640,640,64,128,10,64,1,1,1,1,16,4,4,8,0,"[64, 128, 0]","[4, 8, 0]","[0, 0, 10]",True,True,True,hip://2,392,True,132.83,156.33,1.17691,604
1094,394,8192,640,640,64,320,5,640,1,1,1,10,16,4,4,2,0,"[64, 320, 0]","[4, 2, 0]","[0, 0, 5]",True,True,True,hip://5,393,True,129.17,242.33,1.87613,1354
1596,395,8192,640,640,64,320,5,128,1,1,1,2,16,4,4,10,0,"[64, 320, 0]","[4, 10, 0]","[0, 0, 5]",True,True,True,hip://6,394,True,133.0,153.0,1.15038,550
606,396,8192,640,640,32,128,4,128,1,1,1,2,16,4,2,4,0,"[32, 128, 0]","[2, 4, 0]","[0, 0, 4]",True,True,True,hip://7,395,True,133.17,297.0,2.23029,1466
1394,397,8192,640,640,32,16,16,128,1,1,2,1,16,4,1,1,0,"[32, 16, 0]","[1, 1, 0]","[0, 0, 16]",True,True,True,hip://2,396,True,132.83,123.33,0.92848,147
243,398,8192,640,640,512,16,4,512,1,1,8,1,16,4,4,1,0,"[512, 16, 0]","[4, 1, 0]","[0, 0, 4]",True,True,True,hip://5,397,True,129.17,126.33,0.97806,223
32,399,8192,640,640,128,320,5,640,1,1,2,5,16,4,4,4,0,"[128, 320, 0]","[4, 4, 0]","[0, 0, 5]",True,True,True,hip://6,398,True,133.0,203.67,1.53133,1127
381,400,8192,640,640,64,32,4,256,1,1,4,1,16,4,1,2,0,"[64, 32, 0]","[1, 2, 0]","[0, 0, 4]",True,True,True,hip://7,399,True,133.17,214.67,1.61202,1202
1042,401,8192,640,640,16,128,16,512,1,1,1,8,16,4,1,1,0,"[16, 128, 0]","[1, 1, 0]","[0, 0, 16]",True,True,True,hip://2,400,True,132.83,118.0,0.88833,72
269,402,8192,640,640,512,16,5,64,1,1,1,1,16,4,32,1,0,"[512, 16, 0]","[32, 1, 0]","[0, 0, 5]",True,True,True,hip://5,401,True,129.17,133.0,1.02968,307
215,403,8192,640,640,256,64,5,512,1,1,4,2,16,4,4,2,0,"[256, 64, 0]","[4, 2, 0]","[0, 0, 5]",True,True,True,hip://6,402,True,133.0,1216.67,9.14787,1717
379,404,8192,640,640,64,16,5,256,1,1,4,1,16,4,1,1,0,"[64, 16, 0]","[1, 1, 0]","[0, 0, 5]",True,True,True,hip://7,403,True,133.17,185.33,1.39174,945
1472,405,8192,640,640,512,128,2,128,1,1,1,2,16,4,32,4,0,"[512, 128, 0]","[32, 4, 0]","[0, 0, 2]",True,True,True,hip://2,404,True,132.83,188.33,1.41782,984
1579,406,8192,640,640,64,160,16,128,1,1,1,2,16,4,4,5,0,"[64, 160, 0]","[4, 5, 0]","[0, 0, 16]",True,True,True,hip://5,405,True,129.17,1506.67,11.66452,1735
1432,407,8192,640,640,256,320,5,512,1,1,2,4,16,4,8,5,0,"[256, 320, 0]","[8, 5, 0]","[0, 0, 5]",True,True,True,hip://6,406,True,133.0,181.67,1.36591,904
1041,408,8192,640,640,16,128,20,512,1,1,1,8,16,4,1,1,0,"[16, 128, 0]","[1, 1, 0]","[0, 0, 20]",True,True,True,hip://7,407,True,133.17,322.0,2.41802,1508
1819,409,8192,640,640,32,80,16,64,1,1,1,1,16,4,2,5,0,"[32, 80, 0]","[2, 5, 0]","[0, 0, 16]",True,True,True,hip://2,408,True,132.83,141.0,1.06148,365
1172,410,8192,640,640,128,32,5,128,1,1,2,1,16,4,4,2,0,"[128, 32, 0]","[4, 2, 0]","[0, 0, 5]",True,True,True,hip://5,409,True,129.17,184.0,1.42452,995
1018,411,8192,640,640,64,160,16,640,1,1,2,5,16,4,2,2,0,"[64, 160, 0]","[2, 2, 0]","[0, 0, 16]",True,True,True,hip://6,410,True,133.0,190.33,1.43108,1004
1512,412,8192,640,640,32,32,16,128,1,1,1,2,16,4,2,1,0,"[32, 32, 0]","[2, 1, 0]","[0, 0, 16]",True,True,True,hip://7,411,True,133.17,145.0,1.08886,419
1736,413,8192,640,640,32,64,2,64,1,1,1,1,16,4,2,4,0,"[32, 64, 0]","[2, 4, 0]","[0, 0, 2]",True,True,True,hip://2,412,True,132.83,133.0,1.00125,265
908,414,8192,640,640,16,128,2,64,1,1,1,1,16,4,1,8,0,"[16, 128, 0]","[1, 8, 0]","[0, 0, 2]",True,True,True,hip://5,413,True,129.17,169.33,1.31097,829
801,415,8192,640,640,256,160,2,256,1,1,4,1,16,4,4,10,0,"[256, 160, 0]","[4, 10, 0]","[0, 0, 2]",True,True,True,hip://6,414,True,133.0,212.67,1.599,1190
1369,416,8192,640,640,64,160,8,128,1,1,2,1,16,4,2,10,0,"[64, 160, 0]","[2, 10, 0]","[0, 0, 8]",True,True,True,hip://7,415,True,133.17,226.67,1.70213,1269
67,417,8192,640,640,128,64,1,512,1,1,4,2,16,4,2,2,0,"[128, 64, 0]","[2, 2, 0]","[0, 0, 1]",True,True,True,hip://2,416,True,132.83,116.67,0.87829,56
1792,418,8192,640,640,64,80,20,64,1,1,1,1,16,4,4,5,0,"[64, 80, 0]","[4, 5, 0]","[0, 0, 20]",True,True,True,hip://5,417,True,129.17,179.33,1.38839,937
1002,419,8192,640,640,512,128,2,512,1,1,1,8,16,4,32,1,0,"[512, 128, 0]","[32, 1, 0]","[0, 0, 2]",True,True,True,hip://6,418,True,133.0,294.0,2.21053,1460
1728,420,8192,640,640,64,320,2,256,1,1,1,4,16,4,4,5,0,"[64, 320, 0]","[4, 5, 0]","[0, 0, 2]",True,True,True,hip://7,419,True,133.17,281.67,2.11514,1423
89,421,8192,640,640,128,160,10,128,1,1,1,2,16,4,8,5,0,"[128, 160, 0]","[8, 5, 0]","[0, 0, 10]",True,True,True,hip://2,420,True,132.83,175.67,1.32246,844
1790,422,8192,640,640,64,64,1,64,1,1,1,1,16,4,4,4,0,"[64, 64, 0]","[4, 4, 0]","[0, 0, 1]",True,True,True,hip://5,421,True,129.17,261.0,2.02065,1401
128,423,8192,640,640,128,128,8,128,1,1,1,2,16,4,8,4,0,"[128, 128, 0]","[8, 4, 0]","[0, 0, 8]",True,True,True,hip://6,422,True,133.0,190.0,1.42857,1001
1274,424,8192,640,640,32,128,5,256,1,1,2,2,16,4,1,4,0,"[32, 128, 0]","[1, 4, 0]","[0, 0, 5]",True,True,True,hip://7,423,True,133.17,244.0,1.83229,1336
933,425,8192,640,640,16,64,32,64,1,1,1,1,16,4,1,4,0,"[16, 64, 0]","[1, 4, 0]","[0, 0, 32]",True,True,True,hip://2,424,True,132.83,162.33,1.22208,688
74,426,8192,640,640,128,160,1,512,1,1,4,2,16,4,2,5,0,"[128, 160, 0]","[2, 5, 0]","[0, 0, 1]",True,True,True,hip://5,425,True,129.17,325.0,2.51613,1531
462,427,8192,640,640,512,320,2,256,1,1,2,2,16,4,16,10,0,"[512, 320, 0]","[16, 10, 0]","[0, 0, 2]",True,True,True,hip://6,426,True,133.0,127.33,0.95739,192
840,428,8192,640,640,256,64,8,256,1,1,4,1,16,4,4,4,0,"[256, 64, 0]","[4, 4, 0]","[0, 0, 8]",True,True,True,hip://7,427,True,133.17,1340.0,10.06258,1726
1345,429,8192,640,640,64,64,5,512,1,1,2,4,16,4,2,1,0,"[64, 64, 0]","[2, 1, 0]","[0, 0, 5]",True,True,True,hip://2,428,True,132.83,171.0,1.28733,787
1275,430,8192,640,640,64,128,5,256,1,1,2,2,16,4,2,4,0,"[64, 128, 0]","[2, 4, 0]","[0, 0, 5]",True,True,True,hip://5,429,True,129.17,110.0,0.85161,25
1201,431,8192,640,640,128,160,2,64,1,1,1,1,16,4,8,10,0,"[128, 160, 0]","[8, 10, 0]","[0, 0, 2]",True,True,True,hip://6,430,True,133.0,150.33,1.13033,505
396,432,8192,640,640,64,32,5,256,1,1,4,1,16,4,1,2,0,"[64, 32, 0]","[1, 2, 0]","[0, 0, 5]",True,True,True,hip://7,431,True,133.17,998.33,7.49687,1706
988,433,8192,640,640,512,32,4,256,1,1,2,2,16,4,16,1,0,"[512, 32, 0]","[16, 1, 0]","[0, 0, 4]",True,True,True,hip://2,432,True,132.83,157.67,1.18695,618
1606,434,8192,640,640,256,128,1,256,1,1,1,4,16,4,16,2,0,"[256, 128, 0]","[16, 2, 0]","[0, 0, 1]",True,True,True,hip://5,433,True,129.17,208.33,1.6129,1203
1381,435,8192,640,640,32,32,10,256,1,1,2,2,16,4,1,1,0,"[32, 32, 0]","[1, 1, 0]","[0, 0, 10]",True,True,True,hip://6,434,True,133.0,174.33,1.31078,827
767,436,8192,640,640,128,32,10,64,1,1,1,1,16,4,8,2,0,"[128, 32, 0]","[8, 2, 0]","[0, 0, 10]",True,True,True,hip://7,435,True,133.17,145.67,1.09387,430
1722,437,8192,640,640,64,32,2,64,1,1,1,1,16,4,4,2,0,"[64, 32, 0]","[4, 2, 0]","[0, 0, 2]",True,True,True,hip://2,436,True,132.83,198.33,1.4931,1083
1173,438,8192,640,640,128,64,2,512,1,1,2,4,16,4,4,1,0,"[128, 64, 0]","[4, 1, 0]","[0, 0, 2]",True,True,True,hip://5,437,True,129.17,159.0,1.23097,696
979,439,8192,640,640,32,80,20,640,1,1,2,5,16,4,1,1,0,"[32, 80, 0]","[1, 1, 0]","[0, 0, 20]",True,True,True,hip://6,438,True,133.0,132.33,0.99499,252
1263,440,8192,640,640,64,128,1,128,1,1,2,1,16,4,2,8,0,"[64, 128, 0]","[2, 8, 0]","[0, 0, 1]",True,True,True,hip://7,439,True,133.17,182.0,1.36671,906
1492,441,8192,640,640,256,32,5,128,1,1,1,2,16,4,16,1,0,"[256, 32, 0]","[16, 1, 0]","[0, 0, 5]",True,True,True,hip://2,440,True,132.83,175.33,1.31995,842
35,442,8192,640,640,128,320,4,256,1,1,2,2,16,4,4,10,0,"[128, 320, 0]","[4, 10, 0]","[0, 0, 4]",True,True,True,hip://5,441,True,129.17,248.67,1.92516,1373
949,443,8192,640,640,64,320,5,64,1,1,1,1,16,4,4,20,0,"[64, 320, 0]","[4, 20, 0]","[0, 0, 5]",True,True,True,hip://6,442,True,133.0,177.0,1.33083,858
701,444,8192,640,640,128,80,10,512,1,1,8,1,16,4,1,5,0,"[128, 80, 0]","[1, 5, 0]","[0, 0, 10]",True,True,True,hip://7,443,True,133.17,733.0,5.50438,1687
1740,445,8192,640,640,16,320,1,256,1,1,1,4,16,4,1,5,0,"[16, 320, 0]","[1, 5, 0]","[0, 0, 1]",True,True,True,hip://2,444,True,132.83,165.33,1.24467,722
805,446,8192,640,640,256,128,5,256,1,1,4,1,16,4,4,8,0,"[256, 128, 0]","[4, 8, 0]","[0, 0, 5]",True,True,True,hip://5,445,True,129.17,305.0,2.36129,1495
744,447,8192,640,640,256,80,10,64,1,1,1,1,16,4,16,5,0,"[256, 80, 0]","[16, 5, 0]","[0, 0, 10]",True,True,True,hip://6,446,True,133.0,189.0,1.42105,989
1440,448,8192,640,640,32,160,8,256,1,1,2,2,16,4,1,5,0,"[32, 160, 0]","[1, 5, 0]","[0, 0, 8]",True,True,True,hip://7,447,True,133.17,628.0,4.71589,1669
402,449,8192,640,640,128,160,8,256,1,1,4,1,16,4,2,10,0,"[128, 160, 0]","[2, 10, 0]","[0, 0, 8]",True,True,True,hip://2,448,True,132.83,118.0,0.88833,73
523,450,8192,640,640,64,128,4,512,1,1,1,8,16,4,4,1,0,"[64, 128, 0]","[4, 1, 0]","[0, 0, 4]",True,True,True,hip://5,449,True,129.17,120.33,0.93161,154
10,451,8192,640,640,512,80,1,640,1,1,2,5,16,4,16,1,0,"[512, 80, 0]","[16, 1, 0]","[0, 0, 1]",True,True,True,hip://6,450,True,133.0,119.67,0.89975,96
700,452,8192,640,640,128,128,10,512,1,1,8,1,16,4,1,8,0,"[128, 128, 0]","[1, 8, 0]","[0, 0, 10]",True,True,True,hip://7,451,True,133.17,331.67,2.49061,1528
1668,453,8192,640,640,16,80,8,320,1,1,1,5,16,4,1,1,0,"[16, 80, 0]","[1, 1, 0]","[0, 0, 8]",True,True,True,hip://2,452,True,132.83,197.67,1.48808,1078
787,454,8192,640,640,32,128,10,128,1,1,2,1,16,4,1,8,0,"[32, 128, 0]","[1, 8, 0]","[0, 0, 10]",True,True,True,hip://5,453,True,129.17,120.0,0.92903,149
108,455,8192,640,640,128,64,5,256,1,1,2,2,16,4,4,2,0,"[128, 64, 0]","[4, 2, 0]","[0, 0, 5]",True,True,True,hip://6,454,True,133.0,201.33,1.51378,1108
666,456,8192,640,640,256,160,1,512,1,1,8,1,16,4,2,10,0,"[256, 160, 0]","[2, 10, 0]","[0, 0, 1]",True,True,True,hip://7,455,True,133.17,151.67,1.13892,528
1264,457,8192,640,640,32,128,1,256,1,1,2,2,16,4,1,4,0,"[32, 128, 0]","[1, 4, 0]","[0, 0, 1]",True,True,True,hip://2,456,True,132.83,185.33,1.39523,950
793,458,8192,640,640,128,160,10,128,1,1,2,1,16,4,4,10,0,"[128, 160, 0]","[4, 10, 0]","[0, 0, 10]",True,True,True,hip://5,457,True,129.17,215.67,1.66968,1247
819,459,8192,640,640,256,32,2,128,1,1,2,1,16,4,8,2,0,"[256, 32, 0]","[8, 2, 0]","[0, 0, 2]",True,True,True,hip://6,458,True,133.0,265.67,1.99749,1393
1184,460,8192,640,640,128,128,10,256,1,1,1,4,16,4,8,2,0,"[128, 128, 0]","[8, 2, 0]","[0, 0, 10]",True,True,True,hip://7,459,True,133.17,158.0,1.18648,616
62,461,8192,640,640,128,32,1,512,1,1,4,2,16,4,2,1,0,"[128, 32, 0]","[2, 1, 0]","[0, 0, 1]",True,True,True,hip://2,460,True,132.83,160.67,1.20954,667
97,462,8192,640,640,128,32,8,256,1,1,2,2,16,4,4,1,0,"[128, 32, 0]","[4, 1, 0]","[0, 0, 8]",True,True,True,hip://5,461,True,129.17,241.33,1.86839,1350
1069,463,8192,640,640,512,32,1,128,1,1,1,2,16,4,32,1,0,"[512, 32, 0]","[32, 1, 0]","[0, 0, 1]",True,True,True,hip://6,462,True,133.0,116.33,0.87469,53
813,464,8192,640,640,256,16,2,128,1,1,2,1,16,4,8,1,0,"[256, 16, 0]","[8, 1, 0]","[0, 0, 2]",True,True,True,hip://7,463,True,133.17,284.0,2.13267,1433
31,465,8192,640,640,128,320,2,640,1,1,2,5,16,4,4,4,0,"[128, 320, 0]","[4, 4, 0]","[0, 0, 2]",True,True,True,hip://2,464,True,132.83,218.67,1.64617,1230
966,466,8192,640,640,256,128,10,256,1,1,2,2,16,4,8,4,0,"[256, 128, 0]","[8, 4, 0]","[0, 0, 10]",True,True,True,hip://5,465,True,129.17,180.33,1.39613,953
820,467,8192,640,640,256,32,5,128,1,1,2,1,16,4,8,2,0,"[256, 32, 0]","[8, 2, 0]","[0, 0, 5]",True,True,True,hip://6,466,True,133.0,159.0,1.19549,636
878,468,8192,640,640,64,16,2,64,1,1,1,1,16,4,4,1,0,"[64, 16, 0]","[4, 1, 0]","[0, 0, 2]",True,True,True,hip://7,467,True,133.17,237.33,1.78223,1312
1286,469,8192,640,640,256,320,2,512,1,1,2,4,16,4,8,5,0,"[256, 320, 0]","[8, 5, 0]","[0, 0, 2]",True,True,True,hip://2,468,True,132.83,210.67,1.58595,1181
1768,470,8192,640,640,64,64,1,256,1,1,1,4,16,4,4,1,0,"[64, 64, 0]","[4, 1, 0]","[0, 0, 1]",True,True,True,hip://5,469,True,129.17,336.33,2.60387,1553
351,471,8192,640,640,64,160,10,256,1,1,4,1,16,4,1,10,0,"[64, 160, 0]","[1, 10, 0]","[0, 0, 10]",True,True,True,hip://6,470,True,133.0,194.33,1.46115,1041
1550,472,8192,640,640,64,128,5,128,1,1,1,2,16,4,4,4,0,"[64, 128, 0]","[4, 4, 0]","[0, 0, 5]",True,True,True,hip://7,471,True,133.17,213.67,1.60451,1197
1155,473,8192,640,640,128,64,8,512,1,1,2,4,16,4,4,1,0,"[128, 64, 0]","[4, 1, 0]","[0, 0, 8]",True,True,True,hip://2,472,True,132.83,172.67,1.29987,805
1240,474,8192,640,640,64,128,16,256,1,1,2,2,16,4,2,4,0,"[64, 128, 0]","[2, 4, 0]","[0, 0, 16]",True,True,True,hip://5,473,True,129.17,116.0,0.89806,94
575,475,8192,640,640,64,160,4,64,1,1,1,1,16,4,4,10,0,"[64, 160, 0]","[4, 10, 0]","[0, 0, 4]",True,True,False,,,False,,,,
699,476,8192,640,640,128,16,5,512,1,1,8,1,16,4,1,1,0,"[128, 16, 0]","[1, 1, 0]","[0, 0, 5]",True,True,True,hip://6,474,True,133.0,164.0,1.23308,701
227,477,8192,640,640,512,80,5,512,1,1,8,1,16,4,4,5,0,"[512, 80, 0]","[4, 5, 0]","[0, 0, 5]",True,True,True,hip://7,475,True,133.17,204.33,1.53442,1129
111,478,8192,640,640,128,128,16,256,1,1,2,2,16,4,4,4,0,"[128, 128, 0]","[4, 4, 0]","[0, 0, 16]",True,True,True,hip://2,476,True,132.83,192.67,1.45044,1024
950,479,8192,640,640,32,320,5,64,1,1,1,1,16,4,2,20,0,"[32, 320, 0]","[2, 20, 0]","[0, 0, 5]",True,True,True,hip://5,477,True,129.17,258.33,2.0,1394
1011,480,8192,640,640,32,320,10,640,1,1,2,5,16,4,1,4,0,"[32, 320, 0]","[1, 4, 0]","[0, 0, 10]",True,True,True,hip://6,478,True,133.0,377.33,2.83709,1583
1398,481,8192,640,640,32,32,16,128,1,1,2,1,16,4,1,2,0,"[32, 32, 0]","[1, 2, 0]","[0, 0, 16]",True,True,True,hip://7,479,True,133.17,138.33,1.0388,325
515,482,8192,640,640,64,320,4,128,1,1,1,2,16,4,4,10,0,"[64, 320, 0]","[4, 10, 0]","[0, 0, 4]",True,True,True,hip://2,480,True,132.83,133.33,1.00376,270
655,483,8192,640,640,256,128,4,512,1,1,8,1,16,4,2,8,0,"[256, 128, 0]","[2, 8, 0]","[0, 0, 4]",True,True,True,hip://5,481,True,129.17,188.33,1.45806,1036
1490,484,8192,640,640,256,64,1,128,1,1,1,2,16,4,16,2,0,"[256, 64, 0]","[16, 2, 0]","[0, 0, 1]",True,True,True,hip://6,482,True,133.0,145.33,1.09273,428
315,485,8192,640,640,512,64,4,256,1,1,4,1,16,4,8,4,0,"[512, 64, 0]","[8, 4, 0]","[0, 0, 4]",True,True,True,hip://7,483,True,133.17,236.67,1.77722,1306
914,486,8192,640,640,16,128,8,64,1,1,1,1,16,4,1,8,0,"[16, 128, 0]","[1, 8, 0]","[0, 0, 8]",True,True,True,hip://2,484,True,132.83,172.33,1.29737,803
915,487,8192,640,640,16,320,5,64,1,1,1,1,16,4,1,20,0,"[16, 320, 0]","[1, 20, 0]","[0, 0, 5]",True,True,True,hip://5,485,True,129.17,144.0,1.11484,473
922,488,8192,640,640,16,128,1,64,1,1,1,1,16,4,1,8,0,"[16, 128, 0]","[1, 8, 0]","[0, 0, 1]",True,True,True,hip://6,486,True,133.0,252.0,1.89474,1362
522,489,8192,640,640,128,128,4,512,1,1,1,8,16,4,8,1,0,"[128, 128, 0]","[8, 1, 0]","[0, 0, 4]",True,True,True,hip://7,487,True,133.17,341.67,2.56571,1545
1053,490,8192,640,640,128,16,20,128,1,1,2,1,16,4,4,1,0,"[128, 16, 0]","[4, 1, 0]","[0, 0, 20]",True,True,True,hip://2,488,True,132.83,145.33,1.0941,431
1760,491,8192,640,640,32,64,20,256,1,1,1,4,16,4,2,1,0,"[32, 64, 0]","[2, 1, 0]","[0, 0, 20]",True,True,True,hip://5,489,True,129.17,251.33,1.94581,1377
1480,492,8192,640,640,256,160,2,128,1,1,1,2,16,4,16,5,0,"[256, 160, 0]","[16, 5, 0]","[0, 0, 2]",True,True,True,hip://6,490,True,133.0,139.67,1.05013,339
1627,493,8192,640,640,64,80,5,64,1,1,1,1,16,4,4,5,0,"[64, 80, 0]","[4, 5, 0]","[0, 0, 5]",True,True,True,hip://7,491,True,133.17,1480.0,11.11389,1733
1743,494,8192,640,640,32,320,1,256,1,1,1,4,16,4,2,5,0,"[32, 320, 0]","[2, 5, 0]","[0, 0, 1]",True,True,True,hip://2,492,True,132.83,213.0,1.60351,1195
1315,495,8192,640,640,64,16,16,128,1,1,2,1,16,4,2,1,0,"[64, 16, 0]","[2, 1, 0]","[0, 0, 16]",True,True,True,hip://5,493,True,129.17,243.0,1.88129,1358
214,496,8192,640,640,256,320,4,512,1,1,4,2,16,4,4,10,0,"[256, 320, 0]","[4, 10, 0]","[0, 0, 4]",True,True,True,hip://6,494,True,133.0,138.33,1.0401,328
276,497,8192,640,640,512,16,4,256,1,1,4,1,16,4,8,1,0,"[512, 16, 0]","[8, 1, 0]","[0, 0, 4]",True,True,True,hip://7,495,True,133.17,315.0,2.36546,1496
888,498,8192,640,640,32,16,32,64,1,1,1,1,16,4,2,1,0,"[32, 16, 0]","[2, 1, 0]","[0, 0, 32]",True,True,True,hip://2,496,True,132.83,215.0,1.61857,1208
790,499,8192,640,640,64,160,10,128,1,1,2,1,16,4,2,10,0,"[64, 160, 0]","[2, 10, 0]","[0, 0, 10]",True,True,True,hip://5,497,True,129.17,215.33,1.6671,1244
527,500,8192,640,640,32,160,4,640,1,1,1,10,16,4,2,1,0,"[32, 160, 0]","[2, 1, 0]","[0, 0, 4]",True,True,True,hip://6,498,True,133.0,306.33,2.30326,1482
486,501,8192,640,640,32,320,2,128,1,1,1,2,16,4,2,10,0,"[32, 320, 0]","[2, 10, 0]","[0, 0, 2]",True,True,True,hip://7,499,True,133.17,123.0,0.92365,140
1088,502,8192,640,640,128,320,5,640,1,1,1,10,16,4,8,2,0,"[128, 320, 0]","[8, 2, 0]","[0, 0, 5]",True,True,True,hip://2,500,True,132.83,165.0,1.24216,716
984,503,8192,640,640,256,128,8,512,1,1,2,4,16,4,8,2,0,"[256, 128, 0]","[8, 2, 0]","[0, 0, 8]",True,True,True,hip://5,501,True,129.17,212.0,1.64129,1224
895,504,8192,640,640,16,16,32,64,1,1,1,1,16,4,1,1,0,"[16, 16, 0]","[1, 1, 0]","[0, 0, 32]",True,True,True,hip://6,502,True,133.0,152.33,1.14536,540
970,505,8192,640,640,128,128,1,256,1,1,4,1,16,4,2,8,0,"[128, 128, 0]","[2, 8, 0]","[0, 0, 1]",True,True,True,hip://7,503,True,133.17,197.33,1.48185,1070
69,506,8192,640,640,128,128,8,512,1,1,4,2,16,4,2,4,0,"[128, 128, 0]","[2, 4, 0]","[0, 0, 8]",True,True,True,hip://2,504,True,132.83,162.0,1.21957,682
808,507,8192,640,640,256,80,5,256,1,1,4,1,16,4,4,5,0,"[256, 80, 0]","[4, 5, 0]","[0, 0, 5]",True,True,True,hip://5,505,True,129.17,145.0,1.12258,490
742,508,8192,640,640,256,16,10,256,1,1,4,1,16,4,4,1,0,"[256, 16, 0]","[4, 1, 0]","[0, 0, 10]",True,True,True,hip://6,506,True,133.0,156.67,1.17794,608
728,509,8192,640,640,128,64,5,512,1,1,8,1,16,4,1,4,0,"[128, 64, 0]","[1, 4, 0]","[0, 0, 5]",True,True,True,hip://7,507,True,133.17,178.33,1.33917,870
49,510,8192,640,640,128,320,2,512,1,1,4,2,16,4,2,10,0,"[128, 320, 0]","[2, 10, 0]","[0, 0, 2]",True,True,True,hip://2,508,True,132.83,156.33,1.17691,605
1479,511,8192,640,640,256,160,8,128,1,1,1,2,16,4,16,5,0,"[256, 160, 0]","[16, 5, 0]","[0, 0, 8]",True,True,True,hip://5,509,True,129.17,219.0,1.69548,1264
1447,512,8192,640,640,32,320,1,512,1,1,2,4,16,4,1,5,0,"[32, 320, 0]","[1, 5, 0]","[0, 0, 1]",True,True,True,hip://6,510,True,133.0,742.67,5.58396,1688
1649,513,8192,640,640,32,80,5,320,1,1,1,5,16,4,2,1,0,"[32, 80, 0]","[2, 1, 0]","[0, 0, 5]",True,True,True,hip://7,511,True,133.17,197.33,1.48185,1071
38,514,8192,640,640,128,320,8,256,1,1,2,2,16,4,4,10,0,"[128, 320, 0]","[4, 10, 0]","[0, 0, 8]",True,True,True,hip://2,512,True,132.83,189.33,1.42535,998
959,515,8192,640,640,256,80,10,640,1,1,2,5,16,4,8,1,0,"[256, 80, 0]","[8, 1, 0]","[0, 0, 10]",True,True,True,hip://5,513,True,129.17,181.0,1.40129,965
1419,516,8192,640,640,32,80,5,128,1,1,2,1,16,4,1,5,0,"[32, 80, 0]","[1, 5, 0]","[0, 0, 5]",True,True,True,hip://6,514,True,133.0,147.33,1.10777,457
1477,517,8192,640,640,512,160,2,128,1,1,1,2,16,4,32,5,0,"[512, 160, 0]","[32, 5, 0]","[0, 0, 2]",True,True,True,hip://7,515,True,133.17,208.0,1.56195,1159
789,518,8192,640,640,64,320,10,128,1,1,2,1,16,4,2,20,0,"[64, 320, 0]","[2, 20, 0]","[0, 0, 10]",True,True,True,hip://2,516,True,132.83,3210.0,24.16562,1789
807,519,8192,640,640,256,80,2,256,1,1,4,1,16,4,4,5,0,"[256, 80, 0]","[4, 5, 0]","[0, 0, 2]",True,True,True,hip://5,517,True,129.17,191.0,1.47871,1063
475,520,8192,640,640,16,320,8,128,1,1,1,2,16,4,1,10,0,"[16, 320, 0]","[1, 10, 0]","[0, 0, 8]",True,True,True,hip://6,518,True,133.0,129.67,0.97494,218
1791,521,8192,640,640,64,80,8,64,1,1,1,1,16,4,4,5,0,"[64, 80, 0]","[4, 5, 0]","[0, 0, 8]",True,True,True,hip://7,519,True,133.17,225.0,1.68961,1261
1017,522,8192,640,640,256,128,4,512,1,1,2,4,16,4,8,2,0,"[256, 128, 0]","[8, 2, 0]","[0, 0, 4]",True,True,True,hip://2,520,True,132.83,168.0,1.26474,753
1618,523,8192,640,640,256,64,2,256,1,1,1,4,16,4,16,1,0,"[256, 64, 0]","[16, 1, 0]","[0, 0, 2]",True,True,True,hip://5,521,True,129.17,150.33,1.16387,580
1066,524,8192,640,640,512,64,1,256,1,1,2,2,16,4,16,2,0,"[512, 64, 0]","[16, 2, 0]","[0, 0, 1]",True,True,True,hip://6,522,True,133.0,153.0,1.15038,551
482,525,8192,640,640,32,320,8,128,1,1,1,2,16,4,2,10,0,"[32, 320, 0]","[2, 10, 0]","[0, 0, 8]",True,True,True,hip://7,523,True,133.17,204.67,1.53692,1132
1328,526,8192,640,640,64,32,20,256,1,1,2,2,16,4,2,1,0,"[64, 32, 0]","[2, 1, 0]","[0, 0, 20]",True,True,True,hip://2,524,True,132.83,195.0,1.46801,1048
1526,527,8192,640,640,64,160,2,128,1,1,1,2,16,4,4,5,0,"[64, 160, 0]","[4, 5, 0]","[0, 0, 2]",True,True,True,hip://6,525,True,133.0,143.33,1.07769,397
1456,528,8192,640,640,32,64,8,256,1,1,2,2,16,4,1,2,0,"[32, 64, 0]","[1, 2, 0]","[0, 0, 8]",True,True,True,hip://5,526,True,129.17,191.33,1.48129,1067
1482,529,8192,640,640,512,32,2,128,1,1,1,2,16,4,32,1,0,"[512, 32, 0]","[32, 1, 0]","[0, 0, 2]",True,True,True,hip://7,527,True,133.17,109.0,0.81852,13
1428,530,8192,640,640,256,160,1,256,1,1,2,2,16,4,8,5,0,"[256, 160, 0]","[8, 5, 0]","[0, 0, 1]",True,True,True,hip://2,528,True,132.83,261.67,1.96989,1383
1675,531,8192,640,640,16,160,2,320,1,1,1,5,16,4,1,2,0,"[16, 160, 0]","[1, 2, 0]","[0, 0, 2]",True,True,True,hip://6,529,True,133.0,189.33,1.42356,994
804,532,8192,640,640,256,128,2,256,1,1,4,1,16,4,4,8,0,"[256, 128, 0]","[4, 8, 0]","[0, 0, 2]",True,True,True,hip://5,530,True,129.17,190.67,1.47613,1058
126,533,8192,640,640,128,128,5,128,1,1,1,2,16,4,8,4,0,"[128, 128, 0]","[8, 4, 0]","[0, 0, 5]",True,True,True,hip://7,531,True,133.17,151.33,1.13642,520
1403,534,8192,640,640,32,80,8,128,1,1,2,1,16,4,1,5,0,"[32, 80, 0]","[1, 5, 0]","[0, 0, 8]",True,True,True,hip://2,532,True,132.83,143.67,1.08156,405
1776,535,8192,640,640,32,128,16,256,1,1,1,4,16,4,2,2,0,"[32, 128, 0]","[2, 2, 0]","[0, 0, 16]",True,True,True,hip://6,533,True,133.0,117.0,0.8797,60
404,536,8192,640,640,256,80,8,256,1,1,4,1,16,4,4,5,0,"[256, 80, 0]","[4, 5, 0]","[0, 0, 8]",True,True,True,hip://5,534,True,129.17,134.67,1.04258,330
560,537,8192,640,640,64,80,4,64,1,1,1,1,16,4,4,5,0,"[64, 80, 0]","[4, 5, 0]","[0, 0, 4]",True,True,True,hip://7,535,True,133.17,150.67,1.13141,507
1056,538,8192,640,640,128,16,8,128,1,1,2,1,16,4,4,1,0,"[128, 16, 0]","[4, 1, 0]","[0, 0, 8]",True,True,True,hip://2,536,True,132.83,117.67,0.88582,67
1079,539,8192,640,640,64,160,10,640,1,1,1,10,16,4,4,1,0,"[64, 160, 0]","[4, 1, 0]","[0, 0, 10]",True,True,True,hip://6,537,True,133.0,136.67,1.02757,303
910,540,8192,640,640,16,64,2,64,1,1,1,1,16,4,1,4,0,"[16, 64, 0]","[1, 4, 0]","[0, 0, 2]",True,True,True,hip://5,538,True,129.17,157.0,1.21548,675
144,541,8192,640,640,64,320,4,512,1,1,4,2,16,4,1,10,0,"[64, 320, 0]","[1, 10, 0]","[0, 0, 4]",True,True,True,hip://7,539,True,133.17,222.67,1.67209,1249
77,542,8192,640,640,128,128,2,512,1,1,4,2,16,4,2,4,0,"[128, 128, 0]","[2, 4, 0]","[0, 0, 2]",True,True,True,hip://2,540,True,132.83,150.33,1.13174,508
835,543,8192,640,640,256,128,5,128,1,1,2,1,16,4,8,8,0,"[256, 128, 0]","[8, 8, 0]","[0, 0, 5]",True,True,True,hip://6,541,True,133.0,155.33,1.16792,588
854,544,8192,640,640,256,32,2,64,1,1,1,1,16,4,16,2,0,"[256, 32, 0]","[16, 2, 0]","[0, 0, 2]",True,True,True,hip://5,542,True,129.17,339.33,2.6271,1556
953,545,8192,640,640,32,320,1,64,1,1,1,1,16,4,2,20,0,"[32, 320, 0]","[2, 20, 0]","[0, 0, 1]",True,True,True,hip://7,543,True,133.17,238.33,1.78974,1314
1137,546,8192,640,640,128,320,1,128,1,1,2,1,16,4,4,20,0,"[128, 320, 0]","[4, 20, 0]","[0, 0, 1]",True,True,True,hip://2,544,True,132.83,193.67,1.45797,1034
1607,547,8192,640,640,512,128,2,256,1,1,1,4,16,4,32,2,0,"[512, 128, 0]","[32, 2, 0]","[0, 0, 2]",True,True,True,hip://6,545,True,133.0,1040.0,7.81955,1711
263,548,8192,640,640,512,64,2,256,1,1,4,1,16,4,8,4,0,"[512, 64, 0]","[8, 4, 0]","[0, 0, 2]",True,True,True,hip://5,546,True,129.17,661.33,5.12,1678
168,549,8192,640,640,64,64,10,512,1,1,4,2,16,4,1,2,0,"[64, 64, 0]","[1, 2, 0]","[0, 0, 10]",True,True,True,hip://7,547,True,133.17,178.67,1.34168,873
721,550,8192,640,640,128,32,10,512,1,1,8,1,16,4,1,2,0,"[128, 32, 0]","[1, 2, 0]","[0, 0, 10]",True,True,True,hip://2,548,True,132.83,149.33,1.12422,496
513,551,8192,640,640,512,320,4,256,1,1,1,4,16,4,32,5,0,"[512, 320, 0]","[32, 5, 0]","[0, 0, 4]",True,True,True,hip://6,549,True,133.0,159.67,1.2005,651
1715,552,8192,640,640,32,160,10,320,1,1,1,5,16,4,2,2,0,"[32, 160, 0]","[2, 2, 0]","[0, 0, 10]",True,True,True,hip://5,550,True,129.17,3260.0,25.23871,1792
374,553,8192,640,640,64,32,2,256,1,1,4,1,16,4,1,2,0,"[64, 32, 0]","[1, 2, 0]","[0, 0, 2]",True,True,True,hip://7,551,True,133.17,149.67,1.1239,494
1261,554,8192,640,640,256,128,1,256,1,1,2,2,16,4,8,4,0,"[256, 128, 0]","[8, 4, 0]","[0, 0, 1]",True,True,True,hip://2,552,True,132.83,145.0,1.09159,424
1703,555,8192,640,640,32,80,8,320,1,1,1,5,16,4,2,1,0,"[32, 80, 0]","[2, 1, 0]","[0, 0, 8]",True,True,True,hip://6,553,True,133.0,170.33,1.2807,781
205,556,8192,640,640,512,32,2,512,1,1,4,2,16,4,8,1,0,"[512, 32, 0]","[8, 1, 0]","[0, 0, 2]",True,True,True,hip://5,554,True,129.17,118.33,0.91613,122
1425,557,8192,640,640,512,320,1,512,1,1,2,4,16,4,16,5,0,"[512, 320, 0]","[16, 5, 0]","[0, 0, 1]",True,True,True,hip://7,555,True,133.17,184.67,1.38673,936
1150,558,8192,640,640,128,80,5,128,1,1,2,1,16,4,4,5,0,"[128, 80, 0]","[4, 5, 0]","[0, 0, 5]",True,True,True,hip://2,556,True,132.83,2153.33,16.21079,1763
1723,559,8192,640,640,64,64,2,64,1,1,1,1,16,4,4,4,0,"[64, 64, 0]","[4, 4, 0]","[0, 0, 2]",True,True,True,hip://6,557,True,133.0,197.0,1.4812,1065
1235,560,8192,640,640,64,128,20,512,1,1,2,4,16,4,2,2,0,"[64, 128, 0]","[2, 2, 0]","[0, 0, 20]",True,True,True,hip://5,558,True,129.17,181.67,1.40645,973
636,561,8192,640,640,256,16,4,128,1,1,2,1,16,4,8,1,0,"[256, 16, 0]","[8, 1, 0]","[0, 0, 4]",True,True,True,hip://7,559,True,133.17,154.67,1.16145,574
749,562,8192,640,640,256,64,10,256,1,1,4,1,16,4,4,4,0,"[256, 64, 0]","[4, 4, 0]","[0, 0, 10]",True,True,True,hip://2,560,True,132.83,158.0,1.18946,623
373,563,8192,640,640,64,64,2,256,1,1,4,1,16,4,1,4,0,"[64, 64, 0]","[1, 4, 0]","[0, 0, 2]",True,True,True,hip://6,561,True,133.0,211.33,1.58897,1183
34,564,8192,640,640,128,320,1,640,1,1,2,5,16,4,4,4,0,"[128, 320, 0]","[4, 4, 0]","[0, 0, 1]",True,True,True,hip://5,562,True,129.17,135.33,1.04774,337
1317,565,8192,640,640,64,16,8,128,1,1,2,1,16,4,2,1,0,"[64, 16, 0]","[2, 1, 0]","[0, 0, 8]",True,True,True,hip://7,563,True,133.17,206.0,1.54693,1145
1500,566,8192,640,640,16,32,40,128,1,1,1,2,16,4,1,1,0,"[16, 32, 0]","[1, 1, 0]","[0, 0, 40]",True,True,True,hip://2,564,True,132.83,128.67,0.96863,203
857,567,8192,640,640,256,160,2,64,1,1,1,1,16,4,16,10,0,"[256, 160, 0]","[16, 10, 0]","[0, 0, 2]",True,True,True,hip://6,565,True,133.0,157.0,1.18045,612
99,568,8192,640,640,128,32,20,256,1,1,2,2,16,4,4,1,0,"[128, 32, 0]","[4, 1, 0]","[0, 0, 20]",True,True,True,hip://5,566,True,129.17,2553.33,19.76774,1778
1686,569,8192,640,640,32,80,1,320,1,1,1,5,16,4,2,1,0,"[32, 80, 0]","[2, 1, 0]","[0, 0, 1]",True,True,True,hip://7,567,True,133.17,176.33,1.32416,848
1749,570,8192,640,640,16,64,40,256,1,1,1,4,16,4,1,1,0,"[16, 64, 0]","[1, 1, 0]","[0, 0, 40]",True,True,True,hip://2,568,True,132.83,232.67,1.75157,1295
194,571,8192,640,640,512,160,2,512,1,1,4,2,16,4,8,5,0,"[512, 160, 0]","[8, 5, 0]","[0, 0, 2]",True,True,True,hip://6,569,True,133.0,208.67,1.56892,1165
1671,572,8192,640,640,16,160,20,320,1,1,1,5,16,4,1,2,0,"[16, 160, 0]","[1, 2, 0]","[0, 0, 20]",True,True,True,hip://5,570,True,129.17,293.67,2.27355,1477
1001,573,8192,640,640,512,128,1,512,1,1,1,8,16,4,32,1,0,"[512, 128, 0]","[32, 1, 0]","[0, 0, 1]",True,True,True,hip://7,571,True,133.17,162.67,1.22153,686
235,574,8192,640,640,512,32,2,512,1,1,8,1,16,4,4,2,0,"[512, 32, 0]","[4, 2, 0]","[0, 0, 2]",True,True,True,hip://2,572,True,132.83,268.0,2.01757,1400
293,575,8192,640,640,512,160,1,256,1,1,4,1,16,4,8,10,0,"[512, 160, 0]","[8, 10, 0]","[0, 0, 1]",True,True,True,hip://6,573,True,133.0,181.67,1.36591,905
1326,576,8192,640,640,64,32,40,256,1,1,2,2,16,4,2,1,0,"[64, 32, 0]","[2, 1, 0]","[0, 0, 40]",True,True,True,hip://5,574,True,129.17,1506.67,11.66452,1736
1616,577,8192,640,640,256,64,8,256,1,1,1,4,16,4,16,1,0,"[256, 64, 0]","[16, 1, 0]","[0, 0, 8]",True,True,True,hip://7,575,True,133.17,136.33,1.02378,299
8,578,8192,640,640,512,64,2,512,1,1,2,4,16,4,16,1,0,"[512, 64, 0]","[16, 1, 0]","[0, 0, 2]",True,True,True,hip://2,576,True,132.83,178.33,1.34253,875
281,579,8192,640,640,512,160,4,512,1,1,8,1,16,4,4,10,0,"[512, 160, 0]","[4, 10, 0]","[0, 0, 4]",True,True,True,hip://6,577,True,133.0,184.67,1.38847,939
405,580,8192,640,640,128,80,8,256,1,1,4,1,16,4,2,5,0,"[128, 80, 0]","[2, 5, 0]","[0, 0, 8]",True,True,True,hip://5,578,True,129.17,325.67,2.52129,1533
22,581,8192,640,640,128,80,16,640,1,1,2,5,16,4,4,1,0,"[128, 80, 0]","[4, 1, 0]","[0, 0, 16]",True,True,True,hip://7,579,True,133.17,124.0,0.93116,151
839,582,8192,640,640,256,16,8,256,1,1,4,1,16,4,4,1,0,"[256, 16, 0]","[4, 1, 0]","[0, 0, 8]",True,True,True,hip://2,580,True,132.83,144.0,1.08407,411
1213,583,8192,640,640,128,32,8,64,1,1,1,1,16,4,8,2,0,"[128, 32, 0]","[8, 2, 0]","[0, 0, 8]",True,True,True,hip://6,581,True,133.0,173.0,1.30075,809
896,584,8192,640,640,16,16,40,64,1,1,1,1,16,4,1,1,0,"[16, 16, 0]","[1, 1, 0]","[0, 0, 40]",True,True,True,hip://5,582,True,129.17,205.0,1.5871,1182
1808,585,8192,640,640,32,32,1,64,1,1,1,1,16,4,2,2,0,"[32, 32, 0]","[2, 2, 0]","[0, 0, 1]",True,True,True,hip://7,583,True,133.17,196.33,1.47434,1057
242,586,8192,640,640,512,16,1,512,1,1,8,1,16,4,4,1,0,"[512, 16, 0]","[4, 1, 0]","[0, 0, 1]",True,True,True,hip://2,584,True,132.83,282.67,2.12798,1430
109,587,8192,640,640,128,32,4,256,1,1,2,2,16,4,4,1,0,"[128, 32, 0]","[4, 1, 0]","[0, 0, 4]",True,True,True,hip://6,585,True,133.0,370.0,2.78195,1576
868,588,8192,640,640,256,128,1,64,1,1,1,1,16,4,16,8,0,"[256, 128, 0]","[16, 8, 0]","[0, 0, 1]",True,True,True,hip://5,586,True,129.17,118.33,0.91613,123
1756,589,8192,640,640,16,128,8,256,1,1,1,4,16,4,1,2,0,"[16, 128, 0]","[1, 2, 0]","[0, 0, 8]",True,True,True,hip://7,587,True,133.17,4000.0,30.03755,1795
203,590,8192,640,640,512,32,4,512,1,1,4,2,16,4,8,1,0,"[512, 32, 0]","[8, 1, 0]","[0, 0, 4]",True,True,True,hip://2,588,True,132.83,127.0,0.95609,190
965,591,8192,640,640,512,320,2,640,1,1,2,5,16,4,16,4,0,"[512, 320, 0]","[16, 4, 0]","[0, 0, 2]",True,True,True,hip://6,589,True,133.0,178.67,1.34336,876
661,592,8192,640,640,256,128,5,512,1,1,8,1,16,4,2,8,0,"[256, 128, 0]","[2, 8, 0]","[0, 0, 5]",True,True,True,hip://5,590,True,129.17,1940.0,15.01935,1755
1215,593,8192,640,640,128,32,1,64,1,1,1,1,16,4,8,2,0,"[128, 32, 0]","[8, 2, 0]","[0, 0, 1]",True,True,True,hip://7,591,True,133.17,178.0,1.33667,867
1037,594,8192,640,640,32,320,2,640,1,1,2,5,16,4,1,4,0,"[32, 320, 0]","[1, 4, 0]","[0, 0, 2]",True,True,True,hip://2,592,True,132.83,227.0,1.70891,1274
630,595,8192,640,640,32,32,4,128,1,1,2,1,16,4,1,2,0,"[32, 32, 0]","[1, 2, 0]","[0, 0, 4]",True,True,True,hip://6,593,True,133.0,129.67,0.97494,219
1115,596,8192,640,640,256,160,1,640,1,1,1,10,16,4,16,1,0,"[256, 160, 0]","[16, 1, 0]","[0, 0, 1]",True,True,True,hip://5,594,True,129.17,125.33,0.97032,209
754,597,8192,640,640,64,16,10,64,1,1,1,1,16,4,4,1,0,"[64, 16, 0]","[4, 1, 0]","[0, 0, 10]",True,True,True,hip://7,595,True,133.17,222.67,1.67209,1250
930,598,8192,640,640,16,32,20,64,1,1,1,1,16,4,1,2,0,"[16, 32, 0]","[1, 2, 0]","[0, 0, 20]",True,True,True,hip://2,596,True,132.83,233.67,1.7591,1299
1605,599,8192,640,640,256,80,10,320,1,1,1,5,16,4,16,1,0,"[256, 80, 0]","[16, 1, 0]","[0, 0, 10]",True,True,True,hip://6,597,True,133.0,142.67,1.07268,389
559,600,8192,640,640,64,64,4,64,1,1,1,1,16,4,4,4,0,"[64, 64, 0]","[4, 4, 0]","[0, 0, 4]",True,True,True,hip://5,598,True,129.17,175.33,1.35742,893
652,601,8192,640,640,64,64,4,128,1,1,2,1,16,4,2,4,0,"[64, 64, 0]","[2, 4, 0]","[0, 0, 4]",True,True,True,hip://7,599,True,133.17,141.0,1.05882,357
1747,602,8192,640,640,16,128,20,256,1,1,1,4,16,4,1,2,0,"[16, 128, 0]","[1, 2, 0]","[0, 0, 20]",True,True,True,hip://2,600,True,132.83,117.67,0.88582,68
9,603,8192,640,640,512,320,1,640,1,1,2,5,16,4,16,4,0,"[512, 320, 0]","[16, 4, 0]","[0, 0, 1]",True,True,True,hip://6,601,True,133.0,184.67,1.38847,940
1132,604,8192,640,640,128,80,8,128,1,1,2,1,16,4,4,5,0,"[128, 80, 0]","[4, 5, 0]","[0, 0, 8]",True,True,True,hip://5,602,True,129.17,3190.0,24.69677,1791
470,605,8192,640,640,64,320,2,256,1,1,2,2,16,4,2,10,0,"[64, 320, 0]","[2, 10, 0]","[0, 0, 2]",True,True,True,hip://7,603,True,133.17,108.67,0.81602,11
1260,606,8192,640,640,32,128,5,512,1,1,2,4,16,4,1,2,0,"[32, 128, 0]","[1, 2, 0]","[0, 0, 5]",True,True,True,hip://2,604,True,132.83,172.0,1.29486,797
729,607,8192,640,640,128,32,1,512,1,1,8,1,16,4,1,2,0,"[128, 32, 0]","[1, 2, 0]","[0, 0, 1]",True,True,True,hip://6,605,True,133.0,165.0,1.2406,714
872,608,8192,640,640,256,16,8,64,1,1,1,1,16,4,16,1,0,"[256, 16, 0]","[16, 1, 0]","[0, 0, 8]",True,True,True,hip://5,606,True,129.17,244.0,1.88903,1360
1730,609,8192,640,640,32,320,2,256,1,1,1,4,16,4,2,5,0,"[32, 320, 0]","[2, 5, 0]","[0, 0, 2]",True,True,True,hip://7,607,True,133.17,427.67,3.21151,1621
597,610,8192,640,640,32,64,4,128,1,1,1,2,16,4,2,2,0,"[32, 64, 0]","[2, 2, 0]","[0, 0, 4]",True,True,True,hip://2,608,True,132.83,166.67,1.25471,739
1818,611,8192,640,640,32,80,20,64,1,1,1,1,16,4,2,5,0,"[32, 80, 0]","[2, 5, 0]","[0, 0, 20]",True,True,True,hip://6,609,True,133.0,119.67,0.89975,97
246,612,8192,640,640,512,16,2,128,1,1,2,1,16,4,16,1,0,"[512, 16, 0]","[16, 1, 0]","[0, 0, 2]",True,True,True,hip://5,610,True,129.17,281.67,2.18065,1448
1030,613,8192,640,640,32,128,10,512,1,1,1,8,16,4,2,1,0,"[32, 128, 0]","[2, 1, 0]","[0, 0, 10]",True,True,True,hip://7,611,True,133.17,262.67,1.97247,1385
80,614,8192,640,640,128,160,4,128,1,1,1,2,16,4,8,5,0,"[128, 160, 0]","[8, 5, 0]","[0, 0, 4]",True,True,True,hip://2,612,True,132.83,160.67,1.20954,668
803,615,8192,640,640,256,128,1,256,1,1,4,1,16,4,4,8,0,"[256, 128, 0]","[4, 8, 0]","[0, 0, 1]",True,True,True,hip://6,613,True,133.0,217.33,1.63409,1218
174,616,8192,640,640,64,64,4,512,1,1,4,2,16,4,1,2,0,"[64, 64, 0]","[1, 2, 0]","[0, 0, 4]",True,True,True,hip://5,614,True,129.17,163.67,1.2671,758
184,617,8192,640,640,256,128,10,512,1,1,4,2,16,4,4,4,0,"[256, 128, 0]","[4, 4, 0]","[0, 0, 10]",True,True,True,hip://7,615,True,133.17,115.0,0.86358,43
579,618,8192,640,640,32,160,4,128,1,1,1,2,16,4,2,5,0,"[32, 160, 0]","[2, 5, 0]","[0, 0, 4]",True,True,True,hip://2,616,True,132.83,166.67,1.25471,740
916,619,8192,640,640,16,80,5,64,1,1,1,1,16,4,1,5,0,"[16, 80, 0]","[1, 5, 0]","[0, 0, 5]",True,True,True,hip://6,617,True,133.0,122.67,0.92231,137
1007,620,8192,640,640,64,80,2,640,1,1,2,5,16,4,2,1,0,"[64, 80, 0]","[2, 1, 0]","[0, 0, 2]",True,True,True,hip://5,618,True,129.17,233.0,1.80387,1320
250,621,8192,640,640,512,320,2,256,1,1,4,1,16,4,8,20,0,"[512, 320, 0]","[8, 20, 0]","[0, 0, 2]",True,True,True,hip://7,619,True,133.17,144.67,1.08636,412
1222,622,8192,640,640,128,320,2,320,1,1,1,5,16,4,8,4,0,"[128, 320, 0]","[8, 4, 0]","[0, 0, 2]",True,True,True,hip://2,620,True,132.83,1713.33,12.89837,1742
441,623,8192,640,640,128,128,2,256,1,1,4,1,16,4,2,8,0,"[128, 128, 0]","[2, 8, 0]","[0, 0, 2]",True,True,True,hip://6,621,True,133.0,231.0,1.73684,1288
383,624,8192,640,640,64,16,16,256,1,1,4,1,16,4,1,1,0,"[64, 16, 0]","[1, 1, 0]","[0, 0, 16]",True,True,True,hip://5,622,True,129.17,147.0,1.13806,527
1329,625,8192,640,640,64,32,16,256,1,1,2,2,16,4,2,1,0,"[64, 32, 0]","[2, 1, 0]","[0, 0, 16]",True,True,True,hip://7,623,True,133.17,127.67,0.9587,195
300,626,8192,640,640,512,64,1,128,1,1,2,1,16,4,16,4,0,"[512, 64, 0]","[16, 4, 0]","[0, 0, 1]",True,True,True,hip://2,624,True,132.83,113.67,0.85571,32
57,627,8192,640,640,128,32,16,512,1,1,4,2,16,4,2,1,0,"[128, 32, 0]","[2, 1, 0]","[0, 0, 16]",True,True,True,hip://6,625,True,133.0,744.67,5.599,1689
1333,628,8192,640,640,64,32,1,256,1,1,2,2,16,4,2,1,0,"[64, 32, 0]","[2, 1, 0]","[0, 0, 1]",True,True,True,hip://5,626,True,129.17,128.0,0.99097,242
47,629,8192,640,640,128,320,5,512,1,1,4,2,16,4,2,10,0,"[128, 320, 0]","[2, 10, 0]","[0, 0, 5]",True,True,True,hip://7,627,True,133.17,241.33,1.81227,1324
1611,630,8192,640,640,256,320,2,256,1,1,1,4,16,4,16,5,0,"[256, 320, 0]","[16, 5, 0]","[0, 0, 2]",True,True,True,hip://2,628,True,132.83,202.33,1.52321,1122
306,631,8192,640,640,512,128,5,64,1,1,1,1,16,4,32,8,0,"[512, 128, 0]","[32, 8, 0]","[0, 0, 5]",True,True,True,hip://6,629,True,133.0,821.33,6.17544,1696
170,632,8192,640,640,64,64,5,512,1,1,4,2,16,4,1,2,0,"[64, 64, 0]","[1, 2, 0]","[0, 0, 5]",True,False,False,,,False,,,,
454,633,8192,640,640,256,128,8,256,1,1,2,2,16,4,8,4,0,"[256, 128, 0]","[8, 4, 0]","[0, 0, 8]",True,True,True,hip://5,630,True,129.17,107.67,0.83355,17
1737,634,8192,640,640,32,160,2,64,1,1,1,1,16,4,2,10,0,"[32, 160, 0]","[2, 10, 0]","[0, 0, 2]",True,True,True,hip://7,631,True,133.17,152.67,1.14643,543
100,635,8192,640,640,128,32,10,256,1,1,2,2,16,4,4,1,0,"[128, 32, 0]","[4, 1, 0]","[0, 0, 10]",True,True,True,hip://2,632,True,132.83,173.67,1.3074,820
444,636,8192,640,640,128,160,5,256,1,1,4,1,16,4,2,10,0,"[128, 160, 0]","[2, 10, 0]","[0, 0, 5]",True,True,True,hip://6,633,True,133.0,153.67,1.15539,563
92,637,8192,640,640,128,64,2,256,1,1,2,2,16,4,4,2,0,"[128, 64, 0]","[4, 2, 0]","[0, 0, 2]",True,True,True,hip://5,634,True,129.17,169.0,1.30839,822
1538,638,8192,640,640,16,128,10,128,1,1,1,2,16,4,1,4,0,"[16, 128, 0]","[1, 4, 0]","[0, 0, 10]",True,True,True,hip://7,635,True,133.17,129.33,0.97121,212
748,639,8192,640,640,256,80,10,128,1,1,2,1,16,4,8,5,0,"[256, 80, 0]","[8, 5, 0]","[0, 0, 10]",True,True,True,hip://2,636,True,132.83,214.67,1.61606,1207
240,640,8192,640,640,512,64,4,512,1,1,8,1,16,4,4,4,0,"[512, 64, 0]","[4, 4, 0]","[0, 0, 4]",True,True,True,hip://6,637,True,133.0,280.0,2.10526,1422
70,641,8192,640,640,128,160,5,512,1,1,4,2,16,4,2,5,0,"[128, 160, 0]","[2, 5, 0]","[0, 0, 5]",True,True,True,hip://5,638,True,129.17,166.33,1.28774,788
632,642,8192,640,640,256,320,4,128,1,1,2,1,16,4,8,20,0,"[256, 320, 0]","[8, 20, 0]","[0, 0, 4]",True,True,True,hip://7,639,True,133.17,140.33,1.05382,345
36,643,8192,640,640,128,320,2,256,1,1,2,2,16,4,4,10,0,"[128, 320, 0]","[4, 10, 0]","[0, 0, 2]",True,True,True,hip://2,640,True,132.83,2536.67,19.09661,1776
554,644,8192,640,640,16,64,4,64,1,1,1,1,16,4,1,4,0,"[16, 64, 0]","[1, 4, 0]","[0, 0, 4]",True,True,True,hip://6,641,True,133.0,226.33,1.70175,1266
1239,645,8192,640,640,64,128,20,256,1,1,2,2,16,4,2,4,0,"[64, 128, 0]","[2, 4, 0]","[0, 0, 20]",True,True,True,hip://5,642,True,129.17,162.0,1.25419,738
641,646,8192,640,640,256,128,4,256,1,1,4,1,16,4,4,8,0,"[256, 128, 0]","[4, 8, 0]","[0, 0, 4]",True,True,True,hip://7,643,True,133.17,136.33,1.02378,300
324,647,8192,640,640,512,80,4,256,1,1,4,1,16,4,8,5,0,"[512, 80, 0]","[8, 5, 0]","[0, 0, 4]",True,True,True,hip://2,644,True,132.83,148.0,1.11418,470
1504,648,8192,640,640,16,32,16,128,1,1,1,2,16,4,1,1,0,"[16, 32, 0]","[1, 1, 0]","[0, 0, 16]",True,True,True,hip://6,645,True,133.0,224.33,1.68672,1260
962,649,8192,640,640,512,128,2,512,1,1,2,4,16,4,16,2,0,"[512, 128, 0]","[16, 2, 0]","[0, 0, 2]",True,True,True,hip://5,646,True,129.17,130.33,1.00903,280
336,650,8192,640,640,128,320,2,256,1,1,4,1,16,4,2,20,0,"[128, 320, 0]","[2, 20, 0]","[0, 0, 2]",True,True,True,hip://7,647,True,133.17,255.0,1.91489,1368
825,651,8192,640,640,256,160,8,128,1,1,2,1,16,4,8,10,0,"[256, 160, 0]","[8, 10, 0]","[0, 0, 8]",True,True,True,hip://2,648,True,132.83,234.33,1.76412,1303
1228,652,8192,640,640,128,80,8,320,1,1,1,5,16,4,8,1,0,"[128, 80, 0]","[8, 1, 0]","[0, 0, 8]",True,True,True,hip://6,649,True,133.0,677.67,5.09524,1675
1082,653,8192,640,640,64,160,8,640,1,1,1,10,16,4,4,1,0,"[64, 160, 0]","[4, 1, 0]","[0, 0, 8]",True,True,True,hip://5,650,True,129.17,195.33,1.51226,1105
346,654,8192,640,640,64,320,4,256,1,1,4,1,16,4,1,20,0,"[64, 320, 0]","[1, 20, 0]","[0, 0, 4]",True,True,True,hip://7,651,True,133.17,121.33,0.91114,114
1411,655,8192,640,640,32,64,40,128,1,1,2,1,16,4,1,4,0,"[32, 64, 0]","[1, 4, 0]","[0, 0, 40]",True,True,True,hip://2,652,True,132.83,124.67,0.93852,166
944,656,8192,640,640,16,128,16,64,1,1,1,1,16,4,1,8,0,"[16, 128, 0]","[1, 8, 0]","[0, 0, 16]",True,True,True,hip://6,653,True,133.0,213.33,1.60401,1196
937,657,8192,640,640,16,32,5,64,1,1,1,1,16,4,1,2,0,"[16, 32, 0]","[1, 2, 0]","[0, 0, 5]",True,True,True,hip://5,654,True,129.17,328.0,2.53935,1539
1179,658,8192,640,640,128,320,2,256,1,1,1,4,16,4,8,5,0,"[128, 320, 0]","[8, 5, 0]","[0, 0, 2]",True,True,True,hip://7,655,True,133.17,209.67,1.57447,1167
419,659,8192,640,640,128,64,16,256,1,1,4,1,16,4,2,4,0,"[128, 64, 0]","[2, 4, 0]","[0, 0, 16]",True,True,True,hip://2,656,True,132.83,231.33,1.74153,1290
147,660,8192,640,640,64,320,10,512,1,1,4,2,16,4,1,10,0,"[64, 320, 0]","[1, 10, 0]","[0, 0, 10]",True,True,True,hip://6,657,True,133.0,132.67,0.99749,257
15,661,8192,640,640,32,160,1,640,1,1,2,5,16,4,1,2,0,"[32, 160, 0]","[1, 2, 0]","[0, 0, 1]",True,True,True,hip://5,658,True,129.17,147.67,1.14323,537
1027,662,8192,640,640,128,128,5,512,1,1,1,8,16,4,8,1,0,"[128, 128, 0]","[8, 1, 0]","[0, 0, 5]",True,True,True,hip://7,659,True,133.17,233.67,1.75469,1298
1685,663,8192,640,640,64,80,1,320,1,1,1,5,16,4,4,1,0,"[64, 80, 0]","[4, 1, 0]","[0, 0, 1]",True,True,True,hip://2,660,True,132.83,174.0,1.30991,823
1458,664,8192,640,640,32,64,20,256,1,1,2,2,16,4,1,2,0,"[32, 64, 0]","[1, 2, 0]","[0, 0, 20]",True,True,True,hip://6,661,True,133.0,170.0,1.2782,778
450,665,8192,640,640,512,80,2,640,1,1,2,5,16,4,16,1,0,"[512, 80, 0]","[16, 1, 0]","[0, 0, 2]",True,True,True,hip://5,662,True,129.17,141.0,1.09161,427
1296,666,8192,640,640,32,16,2,128,1,1,2,1,16,4,1,1,0,"[32, 16, 0]","[1, 1, 0]","[0, 0, 2]",True,True,True,hip://7,663,True,133.17,277.0,2.0801,1414
339,667,8192,640,640,128,320,1,256,1,1,4,1,16,4,2,20,0,"[128, 320, 0]","[2, 20, 0]","[0, 0, 1]",True,True,True,hip://2,664,True,132.83,219.67,1.6537,1237
604,668,8192,640,640,16,128,4,128,1,1,1,2,16,4,1,4,0,"[16, 128, 0]","[1, 4, 0]","[0, 0, 4]",True,True,True,hip://6,665,True,133.0,279.33,2.10025,1421
1376,669,8192,640,640,64,80,5,128,1,1,2,1,16,4,2,5,0,"[64, 80, 0]","[2, 5, 0]","[0, 0, 5]",True,True,True,hip://5,666,True,129.17,175.67,1.36,897
1160,670,8192,640,640,128,32,16,128,1,1,2,1,16,4,4,2,0,"[128, 32, 0]","[4, 2, 0]","[0, 0, 16]",True,True,True,hip://2,667,True,132.83,158.0,1.18946,624
1765,671,8192,640,640,64,64,20,256,1,1,1,4,16,4,4,1,0,"[64, 64, 0]","[4, 1, 0]","[0, 0, 20]",True,True,True,hip://7,668,True,133.17,189.0,1.41927,985
986,672,8192,640,640,512,32,1,256,1,1,2,2,16,4,16,1,0,"[512, 32, 0]","[16, 1, 0]","[0, 0, 1]",True,True,True,hip://6,669,True,133.0,134.33,1.01003,283
925,673,8192,640,640,16,32,8,64,1,1,1,1,16,4,1,2,0,"[16, 32, 0]","[1, 2, 0]","[0, 0, 8]",True,True,True,hip://5,670,True,129.17,285.67,2.21161,1461
800,674,8192,640,640,256,160,1,256,1,1,4,1,16,4,4,10,0,"[256, 160, 0]","[4, 10, 0]","[0, 0, 1]",True,True,True,hip://7,671,True,133.17,124.0,0.93116,152
1311,675,8192,640,640,64,64,2,256,1,1,2,2,16,4,2,2,0,"[64, 64, 0]","[2, 2, 0]","[0, 0, 2]",True,True,True,hip://2,672,True,132.83,191.67,1.44291,1016
390,676,8192,640,640,64,64,32,256,1,1,4,1,16,4,1,4,0,"[64, 64, 0]","[1, 4, 0]","[0, 0, 32]",True,True,True,hip://6,673,True,133.0,131.67,0.98997,241
1009,677,8192,640,640,256,160,5,640,1,1,2,5,16,4,8,2,0,"[256, 160, 0]","[8, 2, 0]","[0, 0, 5]",True,True,True,hip://5,674,True,129.17,327.0,2.53161,1536
1190,678,8192,640,640,128,64,8,256,1,1,1,4,16,4,8,1,0,"[128, 64, 0]","[8, 1, 0]","[0, 0, 8]",True,True,True,hip://7,675,True,133.17,217.67,1.63454,1221
44,679,8192,640,640,128,320,2,512,1,1,2,4,16,4,4,5,0,"[128, 320, 0]","[4, 5, 0]","[0, 0, 2]",True,True,True,hip://2,676,True,132.83,127.0,0.95609,191
420,680,8192,640,640,128,16,2,256,1,1,4,1,16,4,2,1,0,"[128, 16, 0]","[2, 1, 0]","[0, 0, 2]",True,True,True,hip://6,677,True,133.0,222.0,1.66917,1245
1510,681,8192,640,640,32,32,32,128,1,1,1,2,16,4,2,1,0,"[32, 32, 0]","[2, 1, 0]","[0, 0, 32]",True,True,True,hip://5,678,True,129.17,204.33,1.58194,1178
713,682,8192,640,640,128,80,2,512,1,1,8,1,16,4,1,5,0,"[128, 80, 0]","[1, 5, 0]","[0, 0, 2]",True,True,True,hip://7,679,True,133.17,197.33,1.48185,1072
1219,683,8192,640,640,128,160,10,320,1,1,1,5,16,4,8,2,0,"[128, 160, 0]","[8, 2, 0]","[0, 0, 10]",True,True,True,hip://2,680,True,132.83,121.0,0.91092,113
244,684,8192,640,640,512,16,5,512,1,1,8,1,16,4,4,1,0,"[512, 16, 0]","[4, 1, 0]","[0, 0, 5]",True,True,True,hip://6,681,True,133.0,141.67,1.06516,369
1535,685,8192,640,640,512,128,5,128,1,1,1,2,16,4,32,4,0,"[512, 128, 0]","[32, 4, 0]","[0, 0, 5]",True,True,True,hip://5,682,True,129.17,202.0,1.56387,1161
329,686,8192,640,640,512,128,5,128,1,1,2,1,16,4,16,8,0,"[512, 128, 0]","[16, 8, 0]","[0, 0, 5]",True,True,True,hip://7,683,True,133.17,1900.0,14.26783,1747
1314,687,8192,640,640,64,16,20,128,1,1,2,1,16,4,2,1,0,"[64, 16, 0]","[2, 1, 0]","[0, 0, 20]",True,True,True,hip://2,684,True,132.83,2103.33,15.83438,1761
386,688,8192,640,640,64,16,40,256,1,1,4,1,16,4,1,1,0,"[64, 16, 0]","[1, 1, 0]","[0, 0, 40]",True,True,True,hip://6,685,True,133.0,189.67,1.42607,999
1176,689,8192,640,640,128,80,1,320,1,1,1,5,16,4,8,1,0,"[128, 80, 0]","[8, 1, 0]","[0, 0, 1]",True,True,True,hip://5,686,True,129.17,201.33,1.55871,1155
734,690,8192,640,640,128,64,4,512,1,1,8,1,16,4,1,4,0,"[128, 64, 0]","[1, 4, 0]","[0, 0, 4]",True,True,True,hip://7,687,True,133.17,141.33,1.06133,360
1495,691,8192,640,640,64,32,1,128,1,1,1,2,16,4,4,1,0,"[64, 32, 0]","[4, 1, 0]","[0, 0, 1]",True,True,True,hip://2,688,True,132.83,114.67,0.86324,42
353,692,8192,640,640,64,80,10,256,1,1,4,1,16,4,1,5,0,"[64, 80, 0]","[1, 5, 0]","[0, 0, 10]",True,True,True,hip://6,689,True,133.0,249.67,1.87719,1356
980,693,8192,640,640,32,80,32,640,1,1,2,5,16,4,1,1,0,"[32, 80, 0]","[1, 1, 0]","[0, 0, 32]",True,True,True,hip://5,690,True,129.17,159.0,1.23097,697
551,694,8192,640,640,32,16,4,64,1,1,1,1,16,4,2,1,0,"[32, 16, 0]","[2, 1, 0]","[0, 0, 4]",True,True,True,hip://7,691,True,133.17,151.33,1.13642,521
1823,695,8192,640,640,32,32,32,64,1,1,1,1,16,4,2,2,0,"[32, 32, 0]","[2, 2, 0]","[0, 0, 32]",True,True,True,hip://2,692,True,132.83,147.0,1.10665,455
850,696,8192,640,640,256,64,2,64,1,1,1,1,16,4,16,4,0,"[256, 64, 0]","[16, 4, 0]","[0, 0, 2]",True,True,True,hip://6,693,True,133.0,312.0,2.34586,1492
1224,697,8192,640,640,128,320,5,320,1,1,1,5,16,4,8,4,0,"[128, 320, 0]","[8, 4, 0]","[0, 0, 5]",True,True,True,hip://5,694,True,129.17,825.0,6.3871,1699
675,698,8192,640,640,256,16,5,512,1,1,8,1,16,4,2,1,0,"[256, 16, 0]","[2, 1, 0]","[0, 0, 5]",True,True,True,hip://7,695,True,133.17,226.33,1.69962,1265
593,699,8192,640,640,64,32,4,128,1,1,1,2,16,4,4,1,0,"[64, 32, 0]","[4, 1, 0]","[0, 0, 4]",True,True,True,hip://2,696,True,132.83,228.67,1.72146,1277
1590,700,8192,640,640,64,320,10,128,1,1,1,2,16,4,4,10,0,"[64, 320, 0]","[4, 10, 0]","[0, 0, 10]",True,True,True,hip://6,697,True,133.0,117.67,0.88471,64
1356,701,8192,640,640,64,64,5,256,1,1,2,2,16,4,2,2,0,"[64, 64, 0]","[2, 2, 0]","[0, 0, 5]",True,True,True,hip://5,698,True,129.17,178.33,1.38065,927
869,702,8192,640,640,256,16,1,64,1,1,1,1,16,4,16,1,0,"[256, 16, 0]","[16, 1, 0]","[0, 0, 1]",True,True,True,hip://7,699,True,133.17,140.33,1.05382,346
903,703,8192,640,640,32,16,8,64,1,1,1,1,16,4,2,1,0,"[32, 16, 0]","[2, 1, 0]","[0, 0, 8]",True,True,True,hip://2,700,True,132.83,338.33,2.54705,1541
751,704,8192,640,640,256,64,10,128,1,1,2,1,16,4,8,4,0,"[256, 64, 0]","[8, 4, 0]","[0, 0, 10]",True,True,True,hip://6,701,True,133.0,120.67,0.90727,108
519,705,8192,640,640,16,320,4,64,1,1,1,1,16,4,1,20,0,"[16, 320, 0]","[1, 20, 0]","[0, 0, 4]",True,True,True,hip://5,702,True,129.17,266.33,2.06194,1408
1207,706,8192,640,640,128,128,1,64,1,1,1,1,16,4,8,8,0,"[128, 128, 0]","[8, 8, 0]","[0, 0, 1]",True,True,True,hip://7,703,True,133.17,195.0,1.46433,1043
424,707,8192,640,640,128,16,8,256,1,1,4,1,16,4,2,1,0,"[128, 16, 0]","[2, 1, 0]","[0, 0, 8]",True,True,True,hip://2,704,True,132.83,596.33,4.48934,1662
282,708,8192,640,640,512,128,4,512,1,1,8,1,16,4,4,8,0,"[512, 128, 0]","[4, 8, 0]","[0, 0, 4]",True,True,True,hip://6,705,True,133.0,122.33,0.9198,130
71,709,8192,640,640,128,128,5,512,1,1,4,2,16,4,2,4,0,"[128, 128, 0]","[2, 4, 0]","[0, 0, 5]",True,True,True,hip://5,706,True,129.17,252.33,1.95355,1380
1453,710,8192,640,640,32,64,32,512,1,1,2,4,16,4,1,1,0,"[32, 64, 0]","[1, 1, 0]","[0, 0, 32]",True,True,True,hip://7,707,True,133.17,181.67,1.36421,901
520,711,8192,640,640,32,320,4,64,1,1,1,1,16,4,2,20,0,"[32, 320, 0]","[2, 20, 0]","[0, 0, 4]",True,True,True,hip://2,708,True,132.83,123.0,0.92597,143
1395,712,8192,640,640,32,32,40,128,1,1,2,1,16,4,1,2,0,"[32, 32, 0]","[1, 2, 0]","[0, 0, 40]",True,True,True,hip://6,709,True,133.0,189.0,1.42105,990
195,713,8192,640,640,512,320,1,512,1,1,4,2,16,4,8,10,0,"[512, 320, 0]","[8, 10, 0]","[0, 0, 1]",True,True,True,hip://5,710,True,129.17,201.67,1.56129,1157
1259,714,8192,640,640,32,128,2,512,1,1,2,4,16,4,1,2,0,"[32, 128, 0]","[1, 2, 0]","[0, 0, 2]",True,True,True,hip://7,711,True,133.17,2260.0,16.97121,1764
1422,715,8192,640,640,256,32,5,256,1,1,2,2,16,4,8,1,0,"[256, 32, 0]","[8, 1, 0]","[0, 0, 5]",True,True,True,hip://2,712,True,132.83,143.67,1.08156,406
736,716,8192,640,640,128,128,4,512,1,1,8,1,16,4,1,8,0,"[128, 128, 0]","[1, 8, 0]","[0, 0, 4]",True,True,True,hip://6,713,True,133.0,146.67,1.10276,448
467,717,8192,640,640,64,320,5,256,1,1,2,2,16,4,2,10,0,"[64, 320, 0]","[2, 10, 0]","[0, 0, 5]",True,True,True,hip://5,714,True,129.17,144.33,1.11742,477
1014,718,8192,640,640,16,128,5,512,1,1,1,8,16,4,1,1,0,"[16, 128, 0]","[1, 1, 0]","[0, 0, 5]",True,True,True,hip://7,715,True,133.17,182.67,1.37171,916
483,719,8192,640,640,32,320,10,128,1,1,1,2,16,4,2,10,0,"[32, 320, 0]","[2, 10, 0]","[0, 0, 10]",True,True,True,hip://2,716,True,132.83,202.67,1.52572,1123
1028,720,8192,640,640,16,128,10,512,1,1,1,8,16,4,1,1,0,"[16, 128, 0]","[1, 1, 0]","[0, 0, 10]",True,True,True,hip://6,717,True,133.0,216.67,1.62907,1214
425,721,8192,640,640,128,32,2,256,1,1,4,1,16,4,2,2,0,"[128, 32, 0]","[2, 2, 0]","[0, 0, 2]",True,True,True,hip://5,718,True,129.17,191.33,1.48129,1068
279,722,8192,640,640,512,160,5,512,1,1,8,1,16,4,4,10,0,"[512, 160, 0]","[4, 10, 0]","[0, 0, 5]",True,True,True,hip://7,719,True,133.17,146.67,1.10138,444
722,723,8192,640,640,128,64,10,512,1,1,8,1,16,4,1,4,0,"[128, 64, 0]","[1, 4, 0]","[0, 0, 10]",True,True,True,hip://2,720,True,132.83,325.33,2.44918,1518
1281,724,8192,640,640,64,128,2,128,1,1,2,1,16,4,2,8,0,"[64, 128, 0]","[2, 8, 0]","[0, 0, 2]",True,True,True,hip://6,721,True,133.0,167.67,1.26065,748
874,725,8192,640,640,64,16,1,64,1,1,1,1,16,4,4,1,0,"[64, 16, 0]","[4, 1, 0]","[0, 0, 1]",True,True,True,hip://5,722,True,129.17,145.33,1.12516,498
981,726,8192,640,640,32,80,8,640,1,1,2,5,16,4,1,1,0,"[32, 80, 0]","[1, 1, 0]","[0, 0, 8]",True,True,True,hip://7,723,True,133.17,369.0,2.77096,1575
157,727,8192,640,640,64,128,20,512,1,1,4,2,16,4,1,4,0,"[64, 128, 0]","[1, 4, 0]","[0, 0, 20]",True,True,True,hip://2,724,True,132.83,115.0,0.86575,47
1159,728,8192,640,640,128,16,16,128,1,1,2,1,16,4,4,1,0,"[128, 16, 0]","[4, 1, 0]","[0, 0, 16]",True,True,True,hip://6,725,True,133.0,159.33,1.19799,640
1489,729,8192,640,640,256,32,2,128,1,1,1,2,16,4,16,1,0,"[256, 32, 0]","[16, 1, 0]","[0, 0, 2]",True,True,True,hip://5,726,True,129.17,204.67,1.58452,1180
472,730,8192,640,640,32,320,1,256,1,1,2,2,16,4,1,10,0,"[32, 320, 0]","[1, 10, 0]","[0, 0, 1]",True,True,True,hip://7,727,True,133.17,159.0,1.19399,632
935,731,8192,640,640,16,64,16,64,1,1,1,1,16,4,1,4,0,"[16, 64, 0]","[1, 4, 0]","[0, 0, 16]",True,True,True,hip://2,728,True,132.83,234.0,1.76161,1302
971,732,8192,640,640,128,128,5,256,1,1,4,1,16,4,2,8,0,"[128, 128, 0]","[2, 8, 0]","[0, 0, 5]",True,True,True,hip://6,729,True,133.0,151.33,1.13784,524
1019,733,8192,640,640,32,160,20,640,1,1,2,5,16,4,1,2,0,"[32, 160, 0]","[1, 2, 0]","[0, 0, 20]",True,True,True,hip://5,730,True,129.17,179.67,1.39097,942
417,734,8192,640,640,128,32,20,256,1,1,4,1,16,4,2,2,0,"[128, 32, 0]","[2, 2, 0]","[0, 0, 20]",True,True,True,hip://7,731,True,133.17,129.0,0.96871,204
1273,735,8192,640,640,64,128,2,256,1,1,2,2,16,4,2,4,0,"[64, 128, 0]","[2, 4, 0]","[0, 0, 2]",True,True,True,hip://2,732,True,132.83,173.0,1.30238,812
964,736,8192,640,640,256,80,1,640,1,1,2,5,16,4,8,1,0,"[256, 80, 0]","[8, 1, 0]","[0, 0, 1]",True,True,True,hip://6,733,True,133.0,119.0,0.89474,88
564,737,8192,640,640,128,128,4,64,1,1,1,1,16,4,8,8,0,"[128, 128, 0]","[8, 8, 0]","[0, 0, 4]",True,True,True,hip://5,734,True,129.17,208.33,1.6129,1204
1387,738,8192,640,640,32,32,1,128,1,1,2,1,16,4,1,2,0,"[32, 32, 0]","[1, 2, 0]","[0, 0, 1]",True,True,True,hip://7,735,True,133.17,262.33,1.96996,1384
162,739,8192,640,640,64,32,5,512,1,1,4,2,16,4,1,1,0,"[64, 32, 0]","[1, 1, 0]","[0, 0, 5]",True,True,True,hip://2,736,True,132.83,263.0,1.97992,1387
1068,740,8192,640,640,64,128,8,512,1,1,1,8,16,4,4,1,0,"[64, 128, 0]","[4, 1, 0]","[0, 0, 8]",True,True,True,hip://6,737,True,133.0,124.67,0.93734,164
885,741,8192,640,640,128,16,20,64,1,1,1,1,16,4,8,1,0,"[128, 16, 0]","[8, 1, 0]","[0, 0, 20]",True,True,True,hip://5,738,True,129.17,115.0,0.89032,77
623,742,8192,640,640,128,16,4,128,1,1,2,1,16,4,4,1,0,"[128, 16, 0]","[4, 1, 0]","[0, 0, 4]",True,True,True,hip://7,739,True,133.17,387.0,2.90613,1592
645,743,8192,640,640,256,64,4,256,1,1,4,1,16,4,4,4,0,"[256, 64, 0]","[4, 4, 0]","[0, 0, 4]",True,True,True,hip://2,740,True,132.83,140.0,1.05395,349
29,744,8192,640,640,128,160,2,640,1,1,2,5,16,4,4,2,0,"[128, 160, 0]","[4, 2, 0]","[0, 0, 2]",True,True,True,hip://6,741,True,133.0,146.33,1.10025,443
1468,745,8192,640,640,32,320,5,512,1,1,2,4,16,4,1,5,0,"[32, 320, 0]","[1, 5, 0]","[0, 0, 5]",True,True,True,hip://5,742,True,129.17,127.0,0.98323,229
496,746,8192,640,640,128,320,2,64,1,1,1,1,16,4,8,20,0,"[128, 320, 0]","[8, 20, 0]","[0, 0, 2]",True,True,True,hip://7,743,True,133.17,134.0,1.00626,274
715,747,8192,640,640,128,128,8,512,1,1,8,1,16,4,1,8,0,"[128, 128, 0]","[1, 8, 0]","[0, 0, 8]",True,True,True,hip://2,744,True,132.83,2490.0,18.74529,1774
1450,748,8192,640,640,32,64,8,512,1,1,2,4,16,4,1,1,0,"[32, 64, 0]","[1, 1, 0]","[0, 0, 8]",True,True,True,hip://6,745,True,133.0,154.33,1.1604,570
294,749,8192,640,640,512,80,1,256,1,1,4,1,16,4,8,5,0,"[512, 80, 0]","[8, 5, 0]","[0, 0, 1]",True,True,True,hip://5,746,True,129.17,107.0,0.82839,16
134,750,8192,640,640,128,64,16,128,1,1,1,2,16,4,8,2,0,"[128, 64, 0]","[8, 2, 0]","[0, 0, 16]",True,True,True,hip://7,747,True,133.17,219.67,1.64956,1233
1181,751,8192,640,640,128,320,8,256,1,1,1,4,16,4,8,5,0,"[128, 320, 0]","[8, 5, 0]","[0, 0, 8]",True,True,True,hip://2,748,True,132.83,204.0,1.53576,1131
1200,752,8192,640,640,128,160,1,64,1,1,1,1,16,4,8,10,0,"[128, 160, 0]","[8, 10, 0]","[0, 0, 1]",True,True,True,hip://6,749,True,133.0,182.33,1.37093,914
1076,753,8192,640,640,16,160,10,640,1,1,1,10,16,4,1,1,0,"[16, 160, 0]","[1, 1, 0]","[0, 0, 10]",True,True,True,hip://5,750,True,129.17,1173.33,9.08387,1716
1693,754,8192,640,640,64,80,10,320,1,1,1,5,16,4,4,1,0,"[64, 80, 0]","[4, 1, 0]","[0, 0, 10]",True,True,True,hip://7,751,True,133.17,207.0,1.55444,1148
1485,755,8192,640,640,256,32,8,128,1,1,1,2,16,4,16,1,0,"[256, 32, 0]","[16, 1, 0]","[0, 0, 8]",True,True,True,hip://2,752,True,132.83,225.0,1.69385,1263
1065,756,8192,640,640,64,128,16,512,1,1,1,8,16,4,4,1,0,"[64, 128, 0]","[4, 1, 0]","[0, 0, 16]",True,True,True,hip://6,753,True,133.0,226.33,1.70175,1267
1203,757,8192,640,640,128,128,5,64,1,1,1,1,16,4,8,8,0,"[128, 128, 0]","[8, 8, 0]","[0, 0, 5]",True,True,True,hip://5,754,True,129.17,134.0,1.03742,323
1085,758,8192,640,640,128,160,5,640,1,1,1,10,16,4,8,1,0,"[128, 160, 0]","[8, 1, 0]","[0, 0, 5]",True,True,True,hip://7,755,True,133.17,323.67,2.43054,1510
370,759,8192,640,640,64,64,8,256,1,1,4,1,16,4,1,4,0,"[64, 64, 0]","[1, 4, 0]","[0, 0, 8]",True,True,True,hip://2,756,True,132.83,149.0,1.12171,487
1246,760,8192,640,640,64,128,8,512,1,1,2,4,16,4,2,2,0,"[64, 128, 0]","[2, 2, 0]","[0, 0, 8]",True,True,True,hip://6,757,True,133.0,111.33,0.83709,20
192,761,8192,640,640,512,160,1,512,1,1,4,2,16,4,8,5,0,"[512, 160, 0]","[8, 5, 0]","[0, 0, 1]",True,True,True,hip://5,758,True,129.17,115.0,0.89032,78
1659,762,8192,640,640,16,320,8,320,1,1,1,5,16,4,1,4,0,"[16, 320, 0]","[1, 4, 0]","[0, 0, 8]",True,True,True,hip://7,759,True,133.17,293.67,2.20526,1457
1438,763,8192,640,640,256,64,5,512,1,1,2,4,16,4,8,1,0,"[256, 64, 0]","[8, 1, 0]","[0, 0, 5]",True,True,True,hip://2,760,True,132.83,185.33,1.39523,951
1542,764,8192,640,640,64,128,20,128,1,1,1,2,16,4,4,4,0,"[64, 128, 0]","[4, 4, 0]","[0, 0, 20]",True,True,True,hip://6,761,True,133.0,190.33,1.43108,1005
555,765,8192,640,640,16,32,4,64,1,1,1,1,16,4,1,2,0,"[16, 32, 0]","[1, 2, 0]","[0, 0, 4]",True,True,True,hip://5,762,True,129.17,198.33,1.53548,1130
673,766,8192,640,640,256,32,8,512,1,1,8,1,16,4,2,2,0,"[256, 32, 0]","[2, 2, 0]","[0, 0, 8]",True,True,True,hip://7,763,True,133.17,148.33,1.11389,468
1617,767,8192,640,640,256,64,10,256,1,1,1,4,16,4,16,1,0,"[256, 64, 0]","[16, 1, 0]","[0, 0, 10]",True,True,True,hip://2,764,True,132.83,154.33,1.16186,576
526,768,8192,640,640,64,160,4,640,1,1,1,10,16,4,4,1,0,"[64, 160, 0]","[4, 1, 0]","[0, 0, 4]",True,True,True,hip://6,765,True,133.0,212.33,1.59649,1188
413,769,8192,640,640,128,80,16,256,1,1,4,1,16,4,2,5,0,"[128, 80, 0]","[2, 5, 0]","[0, 0, 16]",True,True,True,hip://5,766,True,129.17,115.33,0.8929,84
1608,770,8192,640,640,512,320,2,256,1,1,1,4,16,4,32,5,0,"[512, 320, 0]","[32, 5, 0]","[0, 0, 2]",True,True,True,hip://7,767,True,133.17,123.33,0.92616,145
331,771,8192,640,640,512,64,5,128,1,1,2,1,16,4,16,4,0,"[512, 64, 0]","[16, 4, 0]","[0, 0, 5]",True,True,True,hip://2,768,True,132.83,1266.67,9.53576,1721
1420,772,8192,640,640,32,160,5,128,1,1,2,1,16,4,1,10,0,"[32, 160, 0]","[1, 10, 0]","[0, 0, 5]",True,True,True,hip://6,769,True,133.0,456.33,3.43108,1629
1581,773,8192,640,640,32,160,16,128,1,1,1,2,16,4,2,5,0,"[32, 160, 0]","[2, 5, 0]","[0, 0, 16]",True,True,True,hip://5,770,True,129.17,252.67,1.95613,1381
1630,774,8192,640,640,32,128,5,64,1,1,1,1,16,4,2,8,0,"[32, 128, 0]","[2, 8, 0]","[0, 0, 5]",True,True,True,hip://7,771,True,133.17,186.33,1.39925,958
465,775,8192,640,640,64,320,8,256,1,1,2,2,16,4,2,10,0,"[64, 320, 0]","[2, 10, 0]","[0, 0, 8]",True,True,True,hip://2,772,True,132.83,215.33,1.62108,1210
37,776,8192,640,640,128,320,5,256,1,1,2,2,16,4,4,10,0,"[128, 320, 0]","[4, 10, 0]","[0, 0, 5]",True,True,True,hip://6,773,True,133.0,131.0,0.98496,231
1277,777,8192,640,640,32,128,16,128,1,1,2,1,16,4,1,8,0,"[32, 128, 0]","[1, 8, 0]","[0, 0, 16]",True,True,True,hip://5,774,True,129.17,237.67,1.84,1341
1558,778,8192,640,640,64,64,20,128,1,1,1,2,16,4,4,2,0,"[64, 64, 0]","[4, 2, 0]","[0, 0, 20]",True,True,True,hip://7,775,True,133.17,193.0,1.44931,1023
1742,779,8192,640,640,32,320,8,256,1,1,1,4,16,4,2,5,0,"[32, 320, 0]","[2, 5, 0]","[0, 0, 8]",True,True,True,hip://2,776,True,132.83,174.0,1.30991,824
838,780,8192,640,640,256,32,5,256,1,1,4,1,16,4,4,2,0,"[256, 32, 0]","[4, 2, 0]","[0, 0, 5]",True,True,True,hip://6,777,True,133.0,146.67,1.10276,449
1571,781,8192,640,640,64,64,10,128,1,1,1,2,16,4,4,2,0,"[64, 64, 0]","[4, 2, 0]","[0, 0, 10]",True,True,True,hip://5,778,True,129.17,137.33,1.06323,366
710,782,8192,640,640,128,128,2,512,1,1,8,1,16,4,1,8,0,"[128, 128, 0]","[1, 8, 0]","[0, 0, 2]",True,True,True,hip://7,779,True,133.17,137.67,1.03379,315
421,783,8192,640,640,128,16,1,256,1,1,4,1,16,4,2,1,0,"[128, 16, 0]","[2, 1, 0]","[0, 0, 1]",True,True,True,hip://2,780,True,132.83,155.33,1.16939,592
1488,784,8192,640,640,256,32,1,128,1,1,1,2,16,4,16,1,0,"[256, 32, 0]","[16, 1, 0]","[0, 0, 1]",True,True,True,hip://6,781,True,133.0,328.67,2.47118,1522
1457,785,8192,640,640,32,64,16,256,1,1,2,2,16,4,1,2,0,"[32, 64, 0]","[1, 2, 0]","[0, 0, 16]",True,True,True,hip://5,782,True,129.17,238.33,1.84516,1344
107,786,8192,640,640,128,64,10,256,1,1,2,2,16,4,4,2,0,"[128, 64, 0]","[4, 2, 0]","[0, 0, 10]",True,True,True,hip://7,783,True,133.17,115.0,0.86358,44
1233,787,8192,640,640,64,128,10,256,1,1,2,2,16,4,2,4,0,"[64, 128, 0]","[2, 4, 0]","[0, 0, 10]",True,True,True,hip://2,784,True,132.83,157.67,1.18695,619
328,788,8192,640,640,512,160,5,128,1,1,2,1,16,4,16,10,0,"[512, 160, 0]","[16, 10, 0]","[0, 0, 5]",True,True,True,hip://6,785,True,133.0,152.33,1.14536,541
341,789,8192,640,640,128,320,8,256,1,1,4,1,16,4,2,20,0,"[128, 320, 0]","[2, 20, 0]","[0, 0, 8]",True,True,True,hip://5,786,True,129.17,2276.67,17.62581,1768
879,790,8192,640,640,32,16,2,64,1,1,1,1,16,4,2,1,0,"[32, 16, 0]","[2, 1, 0]","[0, 0, 2]",True,True,True,hip://7,787,True,133.17,180.67,1.3567,892
1256,791,8192,640,640,64,128,5,512,1,1,2,4,16,4,2,2,0,"[64, 128, 0]","[2, 2, 0]","[0, 0, 5]",True,True,True,hip://2,788,True,132.83,245.0,1.84442,1342
802,792,8192,640,640,256,160,5,256,1,1,4,1,16,4,4,10,0,"[256, 160, 0]","[4, 10, 0]","[0, 0, 5]",True,True,True,hip://6,789,True,133.0,147.67,1.11028,462
1719,793,8192,640,640,16,64,2,256,1,1,1,4,16,4,1,1,0,"[16, 64, 0]","[1, 1, 0]","[0, 0, 2]",True,True,True,hip://5,790,True,129.17,215.67,1.66968,1248
1638,794,8192,640,640,32,32,5,64,1,1,1,1,16,4,2,2,0,"[32, 32, 0]","[2, 2, 0]","[0, 0, 5]",True,True,True,hip://7,791,True,133.17,201.67,1.51439,1109
650,795,8192,640,640,64,16,4,128,1,1,2,1,16,4,2,1,0,"[64, 16, 0]","[2, 1, 0]","[0, 0, 4]",True,True,True,hip://2,792,True,132.83,194.0,1.46048,1040
1092,796,8192,640,640,64,320,2,640,1,1,1,10,16,4,4,2,0,"[64, 320, 0]","[4, 2, 0]","[0, 0, 2]",True,True,True,hip://6,793,True,133.0,146.67,1.10276,450
599,797,8192,640,640,64,64,4,256,1,1,1,4,16,4,4,1,0,"[64, 64, 0]","[4, 1, 0]","[0, 0, 4]",True,True,True,hip://5,794,True,129.17,137.67,1.06581,373
185,798,8192,640,640,512,128,1,512,1,1,4,2,16,4,8,4,0,"[512, 128, 0]","[8, 4, 0]","[0, 0, 1]",True,True,True,hip://7,795,True,133.17,114.67,0.86108,40
284,799,8192,640,640,512,320,1,64,1,1,1,1,16,4,32,20,0,"[512, 320, 0]","[32, 20, 0]","[0, 0, 1]",True,True,True,hip://2,796,True,132.83,264.0,1.98745,1390
452,800,8192,640,640,64,80,8,640,1,1,2,5,16,4,2,1,0,"[64, 80, 0]","[2, 1, 0]","[0, 0, 8]",True,True,True,hip://6,797,True,133.0,27033.33,203.25815,1822
667,801,8192,640,640,256,160,2,512,1,1,8,1,16,4,2,10,0,"[256, 160, 0]","[2, 10, 0]","[0, 0, 2]",True,True,True,hip://5,798,True,129.17,118.0,0.91355,117
531,802,8192,640,640,256,160,4,640,1,1,1,10,16,4,16,1,0,"[256, 160, 0]","[16, 1, 0]","[0, 0, 4]",True,True,True,hip://7,799,True,133.17,169.67,1.27409,771
1361,803,8192,640,640,64,80,20,128,1,1,2,1,16,4,2,5,0,"[64, 80, 0]","[2, 5, 0]","[0, 0, 20]",True,True,True,hip://2,800,True,132.83,218.33,1.64366,1225
179,804,8192,640,640,64,160,16,512,1,1,4,2,16,4,1,5,0,"[64, 160, 0]","[1, 5, 0]","[0, 0, 16]",True,True,True,hip://6,801,True,133.0,313.33,2.35589,1494
774,805,8192,640,640,16,64,10,64,1,1,1,1,16,4,1,4,0,"[16, 64, 0]","[1, 4, 0]","[0, 0, 10]",True,True,True,hip://5,802,True,129.17,122.67,0.94968,184
948,806,8192,640,640,128,320,5,64,1,1,1,1,16,4,8,20,0,"[128, 320, 0]","[8, 20, 0]","[0, 0, 5]",True,True,True,hip://7,803,True,133.17,219.0,1.64456,1229
1302,807,8192,640,640,64,160,2,128,1,1,2,1,16,4,2,10,0,"[64, 160, 0]","[2, 10, 0]","[0, 0, 2]",True,True,True,hip://2,804,True,132.83,2150.0,16.1857,1762
1640,808,8192,640,640,64,32,5,64,1,1,1,1,16,4,4,2,0,"[64, 32, 0]","[4, 2, 0]","[0, 0, 5]",True,True,True,hip://6,805,True,133.0,202.0,1.5188,1117
1392,809,8192,640,640,32,16,32,128,1,1,2,1,16,4,1,1,0,"[32, 16, 0]","[1, 1, 0]","[0, 0, 32]",True,True,True,hip://5,806,True,129.17,189.0,1.46323,1042
1366,810,8192,640,640,64,320,5,128,1,1,2,1,16,4,2,20,0,"[64, 320, 0]","[2, 20, 0]","[0, 0, 5]",True,True,True,hip://7,807,True,133.17,160.67,1.20651,661
1322,811,8192,640,640,64,32,8,128,1,1,2,1,16,4,2,2,0,"[64, 32, 0]","[2, 2, 0]","[0, 0, 8]",True,True,True,hip://2,808,True,132.83,314.33,2.36637,1497
21,812,8192,640,640,128,80,10,640,1,1,2,5,16,4,4,1,0,"[128, 80, 0]","[4, 1, 0]","[0, 0, 10]",True,True,True,hip://6,809,True,133.0,133.0,1.0,261
1643,813,8192,640,640,64,64,5,256,1,1,1,4,16,4,4,1,0,"[64, 64, 0]","[4, 1, 0]","[0, 0, 5]",True,True,True,hip://5,810,True,129.17,159.0,1.23097,698
589,814,8192,640,640,512,64,4,256,1,1,1,4,16,4,32,1,0,"[512, 64, 0]","[32, 1, 0]","[0, 0, 4]",True,True,True,hip://7,811,True,133.17,142.67,1.07134,386
690,815,8192,640,640,256,64,10,512,1,1,8,1,16,4,2,4,0,"[256, 64, 0]","[2, 4, 0]","[0, 0, 10]",True,True,True,hip://2,812,True,132.83,168.33,1.26725,759
1198,816,8192,640,640,128,128,8,64,1,1,1,1,16,4,8,8,0,"[128, 128, 0]","[8, 8, 0]","[0, 0, 8]",True,True,True,hip://6,813,True,133.0,196.33,1.47619,1059
1753,817,8192,640,640,16,64,10,256,1,1,1,4,16,4,1,1,0,"[16, 64, 0]","[1, 1, 0]","[0, 0, 10]",True,True,True,hip://5,814,True,129.17,589.67,4.56516,1665
26,818,8192,640,640,128,160,8,640,1,1,2,5,16,4,4,2,0,"[128, 160, 0]","[4, 2, 0]","[0, 0, 8]",True,True,True,hip://7,815,True,133.17,185.33,1.39174,946
256,819,8192,640,640,512,160,2,128,1,1,2,1,16,4,16,10,0,"[512, 160, 0]","[16, 10, 0]","[0, 0, 2]",True,True,True,hip://2,816,True,132.83,136.67,1.02886,305
618,820,8192,640,640,128,320,4,128,1,1,2,1,16,4,4,20,0,"[128, 320, 0]","[4, 20, 0]","[0, 0, 4]",True,True,True,hip://6,817,True,133.0,3046.67,22.90727,1785
1364,821,8192,640,640,64,320,1,128,1,1,2,1,16,4,2,20,0,"[64, 320, 0]","[2, 20, 0]","[0, 0, 1]",True,True,True,hip://5,818,True,129.17,590.33,4.57032,1666
752,822,8192,640,640,256,32,10,128,1,1,2,1,16,4,8,2,0,"[256, 32, 0]","[8, 2, 0]","[0, 0, 10]",True,True,True,hip://7,819,True,133.17,294.33,2.21026,1459
442,823,8192,640,640,128,160,4,256,1,1,4,1,16,4,2,10,0,"[128, 160, 0]","[2, 10, 0]","[0, 0, 4]",True,True,True,hip://2,820,True,132.83,271.33,2.04266,1406
1154,824,8192,640,640,128,64,10,512,1,1,2,4,16,4,4,1,0,"[128, 64, 0]","[4, 1, 0]","[0, 0, 10]",True,True,True,hip://6,821,True,133.0,155.33,1.16792,589
612,825,8192,640,640,64,320,4,640,1,1,2,5,16,4,2,4,0,"[64, 320, 0]","[2, 4, 0]","[0, 0, 4]",True,True,True,hip://5,822,True,129.17,170.67,1.32129,843
1524,826,8192,640,640,16,160,2,128,1,1,1,2,16,4,1,5,0,"[16, 160, 0]","[1, 5, 0]","[0, 0, 2]",True,True,True,hip://7,823,True,133.17,119.33,0.89612,90
1815,827,8192,640,640,32,32,8,64,1,1,1,1,16,4,2,2,0,"[32, 32, 0]","[2, 2, 0]","[0, 0, 8]",True,True,True,hip://2,824,True,132.83,177.33,1.33501,866
1689,828,8192,640,640,64,320,1,320,1,1,1,5,16,4,4,4,0,"[64, 320, 0]","[4, 4, 0]","[0, 0, 1]",True,True,True,hip://6,825,True,133.0,125.67,0.94486,178
1720,829,8192,640,640,16,128,2,256,1,1,1,4,16,4,1,2,0,"[16, 128, 0]","[1, 2, 0]","[0, 0, 2]",True,True,True,hip://5,826,True,129.17,164.33,1.27226,769
512,830,8192,640,640,512,320,4,640,1,1,1,10,16,4,32,2,0,"[512, 320, 0]","[32, 2, 0]","[0, 0, 4]",True,True,True,hip://7,827,True,133.17,201.67,1.51439,1110
278,831,8192,640,640,512,160,1,512,1,1,8,1,16,4,4,10,0,"[512, 160, 0]","[4, 10, 0]","[0, 0, 1]",True,True,True,hip://2,828,True,132.83,1940.0,14.60477,1750
412,832,8192,640,640,128,80,10,256,1,1,4,1,16,4,2,5,0,"[128, 80, 0]","[2, 5, 0]","[0, 0, 10]",True,True,True,hip://6,829,True,133.0,298.33,2.24311,1472
1105,833,8192,640,640,256,160,5,640,1,1,1,10,16,4,16,1,0,"[256, 160, 0]","[16, 1, 0]","[0, 0, 5]",True,True,True,hip://5,830,True,129.17,172.67,1.33677,868
1188,834,8192,640,640,128,64,16,256,1,1,1,4,16,4,8,1,0,"[128, 64, 0]","[8, 1, 0]","[0, 0, 16]",True,True,True,hip://7,831,True,133.17,214.0,1.60701,1198
1071,835,8192,640,640,256,160,8,640,1,1,1,10,16,4,16,1,0,"[256, 160, 0]","[16, 1, 0]","[0, 0, 8]",True,True,True,hip://2,832,True,132.83,142.0,1.06901,382
479,836,8192,640,640,16,320,4,128,1,1,1,2,16,4,1,10,0,"[16, 320, 0]","[1, 10, 0]","[0, 0, 4]",True,True,True,hip://5,833,True,129.17,212.33,1.64387,1227
1158,837,8192,640,640,128,32,20,128,1,1,2,1,16,4,4,2,0,"[128, 32, 0]","[4, 2, 0]","[0, 0, 20]",True,True,True,hip://6,834,True,133.0,153.0,1.15038,552
1142,838,8192,640,640,128,128,2,512,1,1,2,4,16,4,4,2,0,"[128, 128, 0]","[4, 2, 0]","[0, 0, 2]",True,True,True,hip://2,835,True,132.83,186.0,1.40025,959
871,839,8192,640,640,256,16,5,64,1,1,1,1,16,4,16,1,0,"[256, 16, 0]","[16, 1, 0]","[0, 0, 5]",True,True,True,hip://7,836,True,133.17,156.33,1.17397,601
899,840,8192,640,640,32,16,16,64,1,1,1,1,16,4,2,1,0,"[32, 16, 0]","[2, 1, 0]","[0, 0, 16]",True,True,True,hip://5,837,True,129.17,321.67,2.49032,1526
766,841,8192,640,640,128,64,10,64,1,1,1,1,16,4,8,4,0,"[128, 64, 0]","[8, 4, 0]","[0, 0, 10]",True,True,True,hip://6,838,True,133.0,143.33,1.07769,398
609,842,8192,640,640,512,160,4,640,1,1,2,5,16,4,16,2,0,"[512, 160, 0]","[16, 2, 0]","[0, 0, 4]",True,True,True,hip://2,839,True,132.83,241.0,1.8143,1325
314,843,8192,640,640,512,32,4,256,1,1,4,1,16,4,8,2,0,"[512, 32, 0]","[8, 2, 0]","[0, 0, 4]",True,True,True,hip://7,840,True,133.17,354.33,2.66083,1561
1021,844,8192,640,640,32,320,8,640,1,1,2,5,16,4,1,4,0,"[32, 320, 0]","[1, 4, 0]","[0, 0, 8]",True,True,True,hip://6,841,True,133.0,214.0,1.60902,1201
169,845,8192,640,640,64,160,10,512,1,1,4,2,16,4,1,5,0,"[64, 160, 0]","[1, 5, 0]","[0, 0, 10]",True,True,True,hip://5,842,True,129.17,135.0,1.04516,334
1404,846,8192,640,640,32,160,8,128,1,1,2,1,16,4,1,10,0,"[32, 160, 0]","[1, 10, 0]","[0, 0, 8]",True,True,True,hip://2,843,True,132.83,160.67,1.20954,669
1752,847,8192,640,640,16,64,16,256,1,1,1,4,16,4,1,1,0,"[16, 64, 0]","[1, 1, 0]","[0, 0, 16]",True,True,True,hip://7,844,True,133.17,122.0,0.91615,125
1552,848,8192,640,640,256,128,5,128,1,1,1,2,16,4,16,4,0,"[256, 128, 0]","[16, 4, 0]","[0, 0, 5]",True,True,True,hip://5,845,True,129.17,125.67,0.9729,215
846,849,8192,640,640,256,64,2,256,1,1,4,1,16,4,4,4,0,"[256, 64, 0]","[4, 4, 0]","[0, 0, 2]",True,True,True,hip://6,846,True,133.0,309.67,2.32832,1490
272,850,8192,640,640,512,16,5,128,1,1,2,1,16,4,16,1,0,"[512, 16, 0]","[16, 1, 0]","[0, 0, 5]",True,True,True,hip://2,847,True,132.83,148.0,1.11418,471
1713,851,8192,640,640,32,160,20,320,1,1,1,5,16,4,2,2,0,"[32, 160, 0]","[2, 2, 0]","[0, 0, 20]",True,True,True,hip://7,848,True,133.17,291.0,2.18523,1449
1615,852,8192,640,640,256,64,1,256,1,1,1,4,16,4,16,1,0,"[256, 64, 0]","[16, 1, 0]","[0, 0, 1]",True,True,True,hip://5,849,True,129.17,154.67,1.19742,639
230,853,8192,640,640,512,128,1,512,1,1,8,1,16,4,4,8,0,"[512, 128, 0]","[4, 8, 0]","[0, 0, 1]",True,True,True,hip://6,850,True,133.0,197.0,1.4812,1066
1386,854,8192,640,640,32,16,1,128,1,1,2,1,16,4,1,1,0,"[32, 16, 0]","[1, 1, 0]","[0, 0, 1]",True,True,True,hip://2,851,True,132.83,256.67,1.93225,1374
1803,855,8192,640,640,64,64,32,64,1,1,1,1,16,4,4,4,0,"[64, 64, 0]","[4, 4, 0]","[0, 0, 32]",True,True,True,hip://7,852,True,133.17,400.0,3.00375,1605
1023,856,8192,640,640,128,128,8,512,1,1,1,8,16,4,8,1,0,"[128, 128, 0]","[8, 1, 0]","[0, 0, 8]",True,True,True,hip://5,853,True,129.17,510.0,3.94839,1641
202,857,8192,640,640,512,64,4,512,1,1,4,2,16,4,8,2,0,"[512, 64, 0]","[8, 2, 0]","[0, 0, 4]",True,True,True,hip://6,854,True,133.0,154.33,1.1604,571
823,858,8192,640,640,256,64,5,128,1,1,2,1,16,4,8,4,0,"[256, 64, 0]","[8, 4, 0]","[0, 0, 5]",True,True,True,hip://2,855,True,132.83,159.33,1.1995,644
1162,859,8192,640,640,128,64,16,128,1,1,2,1,16,4,4,4,0,"[128, 64, 0]","[4, 4, 0]","[0, 0, 16]",True,True,True,hip://7,856,True,133.17,197.0,1.47935,1064
977,860,8192,640,640,32,80,10,640,1,1,2,5,16,4,1,1,0,"[32, 80, 0]","[1, 1, 0]","[0, 0, 10]",True,True,True,hip://5,857,True,129.17,197.33,1.52774,1125
1058,861,8192,640,640,64,320,2,640,1,1,2,5,16,4,2,4,0,"[64, 320, 0]","[2, 4, 0]","[0, 0, 2]",True,True,True,hip://6,858,True,133.0,164.67,1.2381,711
1788,862,8192,640,640,64,128,1,64,1,1,1,1,16,4,4,8,0,"[64, 128, 0]","[4, 8, 0]","[0, 0, 1]",True,True,True,hip://2,859,True,132.83,125.67,0.94605,179
1362,863,8192,640,640,64,80,16,128,1,1,2,1,16,4,2,5,0,"[64, 80, 0]","[2, 5, 0]","[0, 0, 16]",True,True,True,hip://7,860,True,133.17,168.67,1.26658,755
1054,864,8192,640,640,256,64,10,256,1,1,2,2,16,4,8,2,0,"[256, 64, 0]","[8, 2, 0]","[0, 0, 10]",True,True,True,hip://5,861,True,129.17,182.67,1.41419,977
239,865,8192,640,640,512,64,1,512,1,1,8,1,16,4,4,4,0,"[512, 64, 0]","[4, 4, 0]","[0, 0, 1]",True,True,True,hip://6,862,True,133.0,217.33,1.63409,1219
703,866,8192,640,640,128,128,16,512,1,1,8,1,16,4,1,8,0,"[128, 128, 0]","[1, 8, 0]","[0, 0, 16]",True,True,True,hip://2,863,True,132.83,181.33,1.36512,903
72,867,8192,640,640,128,160,4,512,1,1,4,2,16,4,2,5,0,"[128, 160, 0]","[2, 5, 0]","[0, 0, 4]",True,True,True,hip://7,864,True,133.17,423.33,3.17897,1619
1143,868,8192,640,640,128,128,1,512,1,1,2,4,16,4,4,2,0,"[128, 128, 0]","[4, 2, 0]","[0, 0, 1]",True,True,True,hip://5,865,True,129.17,133.0,1.02968,308
1026,869,8192,640,640,128,128,16,512,1,1,1,8,16,4,8,1,0,"[128, 128, 0]","[8, 1, 0]","[0, 0, 16]",True,True,True,hip://6,866,True,133.0,172.33,1.29574,800
987,870,8192,640,640,512,32,2,256,1,1,2,2,16,4,16,1,0,"[512, 32, 0]","[16, 1, 0]","[0, 0, 2]",True,True,True,hip://2,867,True,132.83,424.0,3.19197,1620
723,871,8192,640,640,128,32,16,512,1,1,8,1,16,4,1,2,0,"[128, 32, 0]","[1, 2, 0]","[0, 0, 16]",True,True,True,hip://5,868,True,129.17,189.33,1.46581,1044
295,872,8192,640,640,512,128,1,256,1,1,4,1,16,4,8,8,0,"[512, 128, 0]","[8, 8, 0]","[0, 0, 1]",True,True,True,hip://7,869,True,133.17,125.0,0.93867,168
237,873,8192,640,640,512,32,4,512,1,1,8,1,16,4,4,2,0,"[512, 32, 0]","[4, 2, 0]","[0, 0, 4]",True,True,True,hip://6,870,True,133.0,723.33,5.4386,1685
33,874,8192,640,640,128,320,8,640,1,1,2,5,16,4,4,4,0,"[128, 320, 0]","[4, 4, 0]","[0, 0, 8]",True,True,True,hip://2,871,True,132.83,181.0,1.36261,898
298,875,8192,640,640,512,80,1,128,1,1,2,1,16,4,16,5,0,"[512, 80, 0]","[16, 5, 0]","[0, 0, 1]",True,True,True,hip://7,872,True,133.17,207.33,1.55695,1152
1231,876,8192,640,640,64,128,10,512,1,1,2,4,16,4,2,2,0,"[64, 128, 0]","[2, 2, 0]","[0, 0, 10]",True,True,True,hip://5,873,True,129.17,1663.33,12.87742,1741
608,877,8192,640,640,256,320,4,640,1,1,2,5,16,4,8,4,0,"[256, 320, 0]","[8, 4, 0]","[0, 0, 4]",True,True,True,hip://6,874,True,133.0,163.33,1.22807,691
705,878,8192,640,640,128,320,1,512,1,1,8,1,16,4,1,20,0,"[128, 320, 0]","[1, 20, 0]","[0, 0, 1]",True,True,True,hip://2,875,True,132.83,348.0,2.61982,1555
1439,879,8192,640,640,32,160,10,256,1,1,2,2,16,4,1,5,0,"[32, 160, 0]","[1, 5, 0]","[0, 0, 10]",True,True,True,hip://5,876,True,129.17,192.33,1.48903,1080
1434,880,8192,640,640,256,160,5,256,1,1,2,2,16,4,8,5,0,"[256, 160, 0]","[8, 5, 0]","[0, 0, 5]",True,True,True,hip://7,877,True,133.17,179.33,1.34668,880
2,881,8192,640,640,64,64,2,512,1,1,4,2,16,4,1,2,0,"[64, 64, 0]","[1, 2, 0]","[0, 0, 2]",True,True,True,hip://6,878,True,133.0,217.0,1.63158,1216
886,882,8192,640,640,128,16,16,64,1,1,1,1,16,4,8,1,0,"[128, 16, 0]","[8, 1, 0]","[0, 0, 16]",True,True,True,hip://2,879,True,132.83,133.67,1.00627,275
76,883,8192,640,640,128,128,4,512,1,1,4,2,16,4,2,4,0,"[128, 128, 0]","[2, 4, 0]","[0, 0, 4]",True,True,True,hip://5,880,True,129.17,322.33,2.49548,1529
1032,884,8192,640,640,16,128,2,512,1,1,1,8,16,4,1,1,0,"[16, 128, 0]","[1, 1, 0]","[0, 0, 2]",True,True,True,hip://7,881,True,133.17,144.0,1.08135,403
1049,885,8192,640,640,256,32,4,256,1,1,2,2,16,4,8,1,0,"[256, 32, 0]","[8, 1, 0]","[0, 0, 4]",True,True,True,hip://6,882,True,133.0,193.0,1.45113,1026
1559,886,8192,640,640,64,64,16,128,1,1,1,2,16,4,4,2,0,"[64, 64, 0]","[4, 2, 0]","[0, 0, 16]",True,True,True,hip://2,883,True,132.83,132.0,0.99373,251
160,887,8192,640,640,64,64,1,512,1,1,4,2,16,4,1,2,0,"[64, 64, 0]","[1, 2, 0]","[0, 0, 1]",True,True,True,hip://5,884,True,129.17,180.67,1.39871,956
83,888,8192,640,640,128,160,8,256,1,1,2,2,16,4,4,5,0,"[128, 160, 0]","[4, 5, 0]","[0, 0, 8]",True,True,True,hip://7,885,True,133.17,214.0,1.60701,1199
1336,889,8192,640,640,64,320,10,512,1,1,2,4,16,4,2,5,0,"[64, 320, 0]","[2, 5, 0]","[0, 0, 10]",True,True,True,hip://6,886,True,133.0,118.0,0.88722,71
1544,890,8192,640,640,64,128,8,128,1,1,1,2,16,4,4,4,0,"[64, 128, 0]","[4, 4, 0]","[0, 0, 8]",True,True,True,hip://2,887,True,132.83,150.33,1.13174,509
1063,891,8192,640,640,64,128,5,512,1,1,1,8,16,4,4,1,0,"[64, 128, 0]","[4, 1, 0]","[0, 0, 5]",True,True,True,hip://5,888,True,129.17,150.67,1.16645,584
640,892,8192,640,640,256,160,4,256,1,1,4,1,16,4,4,10,0,"[256, 160, 0]","[4, 10, 0]","[0, 0, 4]",True,True,True,hip://6,889,True,133.0,146.67,1.10276,451
1654,893,8192,640,640,16,320,5,320,1,1,1,5,16,4,1,4,0,"[16, 320, 0]","[1, 4, 0]","[0, 0, 5]",True,True,True,hip://7,890,True,133.17,207.0,1.55444,1149
1661,894,8192,640,640,16,320,2,320,1,1,1,5,16,4,1,4,0,"[16, 320, 0]","[1, 4, 0]","[0, 0, 2]",True,True,True,hip://2,891,True,132.83,191.0,1.43789,1014
101,895,8192,640,640,128,32,5,256,1,1,2,2,16,4,4,1,0,"[128, 32, 0]","[4, 1, 0]","[0, 0, 5]",True,True,True,hip://5,892,True,129.17,190.0,1.47097,1051
757,896,8192,640,640,32,320,10,64,1,1,1,1,16,4,2,20,0,"[32, 320, 0]","[2, 20, 0]","[0, 0, 10]",True,True,True,hip://6,893,True,133.0,174.67,1.31328,832
624,897,8192,640,640,128,32,4,128,1,1,2,1,16,4,4,2,0,"[128, 32, 0]","[4, 2, 0]","[0, 0, 4]",True,True,True,hip://7,894,True,133.17,534.67,4.01502,1643
1812,898,8192,640,640,32,160,20,64,1,1,1,1,16,4,2,10,0,"[32, 160, 0]","[2, 10, 0]","[0, 0, 20]",True,True,True,hip://2,895,True,132.83,125.33,0.94354,174
1230,899,8192,640,640,128,80,2,320,1,1,1,5,16,4,8,1,0,"[128, 80, 0]","[8, 1, 0]","[0, 0, 2]",True,True,True,hip://5,896,True,129.17,325.0,2.51613,1532
582,900,8192,640,640,512,64,4,128,1,1,1,2,16,4,32,2,0,"[512, 64, 0]","[32, 2, 0]","[0, 0, 4]",True,True,True,hip://7,897,True,133.17,129.33,0.97121,213
1097,901,8192,640,640,64,160,5,640,1,1,1,10,16,4,4,1,0,"[64, 160, 0]","[4, 1, 0]","[0, 0, 5]",True,True,True,hip://6,898,True,133.0,470.0,3.53383,1632
439,902,8192,640,640,128,80,1,256,1,1,4,1,16,4,2,5,0,"[128, 80, 0]","[2, 5, 0]","[0, 0, 1]",True,True,True,hip://2,899,True,132.83,135.0,1.01631,289
602,903,8192,640,640,64,128,4,256,1,1,1,4,16,4,4,2,0,"[64, 128, 0]","[4, 2, 0]","[0, 0, 4]",True,True,True,hip://5,900,True,129.17,146.67,1.13548,516
1626,904,8192,640,640,32,80,5,64,1,1,1,1,16,4,2,5,0,"[32, 80, 0]","[2, 5, 0]","[0, 0, 5]",True,True,True,hip://7,901,True,133.17,118.67,0.89111,81
304,905,8192,640,640,512,160,4,64,1,1,1,1,16,4,32,10,0,"[512, 160, 0]","[32, 10, 0]","[0, 0, 4]",True,True,True,hip://6,902,True,133.0,282.0,2.1203,1428
453,906,8192,640,640,256,320,5,256,1,1,2,2,16,4,8,10,0,"[256, 320, 0]","[8, 10, 0]","[0, 0, 5]",True,False,False,,,False,,,,
461,907,8192,640,640,512,320,4,256,1,1,2,2,16,4,16,10,0,"[512, 320, 0]","[16, 10, 0]","[0, 0, 4]",True,True,True,hip://2,903,True,132.83,477.33,3.59348,1634
1282,908,8192,640,640,64,128,5,128,1,1,2,1,16,4,2,8,0,"[64, 128, 0]","[2, 8, 0]","[0, 0, 5]",True,True,True,hip://5,904,True,129.17,3006.67,23.27742,1787
535,909,8192,640,640,512,160,4,320,1,1,1,5,16,4,32,2,0,"[512, 160, 0]","[32, 2, 0]","[0, 0, 4]",True,True,True,hip://7,905,True,133.17,167.33,1.25657,743
794,910,8192,640,640,128,128,10,128,1,1,2,1,16,4,4,8,0,"[128, 128, 0]","[4, 8, 0]","[0, 0, 10]",True,True,True,hip://6,906,True,133.0,864.67,6.50125,1701
231,911,8192,640,640,512,80,2,512,1,1,8,1,16,4,4,5,0,"[512, 80, 0]","[4, 5, 0]","[0, 0, 2]",True,True,True,hip://2,907,True,132.83,251.33,1.8921,1361
1759,912,8192,640,640,32,64,8,256,1,1,1,4,16,4,2,1,0,"[32, 64, 0]","[2, 1, 0]","[0, 0, 8]",True,True,True,hip://7,908,True,133.17,185.33,1.39174,947
809,913,8192,640,640,256,320,1,128,1,1,2,1,16,4,8,20,0,"[256, 320, 0]","[8, 20, 0]","[0, 0, 1]",True,True,True,hip://5,909,True,129.17,104.33,0.80774,8
610,914,8192,640,640,256,160,4,640,1,1,2,5,16,4,8,2,0,"[256, 160, 0]","[8, 2, 0]","[0, 0, 4]",True,True,True,hip://6,910,True,133.0,5586.67,42.00501,1803
620,915,8192,640,640,128,128,4,128,1,1,2,1,16,4,4,8,0,"[128, 128, 0]","[4, 8, 0]","[0, 0, 4]",True,True,True,hip://2,911,True,132.83,212.33,1.59849,1189
426,916,8192,640,640,128,32,1,256,1,1,4,1,16,4,2,2,0,"[128, 32, 0]","[2, 2, 0]","[0, 0, 1]",True,True,True,hip://7,912,True,133.17,202.33,1.5194,1118
782,917,8192,640,640,32,16,10,128,1,1,2,1,16,4,1,1,0,"[32, 16, 0]","[1, 1, 0]","[0, 0, 10]",True,True,True,hip://5,913,True,129.17,223.0,1.72645,1278
1048,918,8192,640,640,64,160,10,640,1,1,2,5,16,4,2,2,0,"[64, 160, 0]","[2, 2, 0]","[0, 0, 10]",True,True,True,hip://6,914,True,133.0,198.33,1.49123,1081
121,919,8192,640,640,128,32,2,128,1,1,1,2,16,4,8,1,0,"[128, 32, 0]","[8, 1, 0]","[0, 0, 2]",True,True,True,hip://2,915,True,132.83,158.0,1.18946,625
254,920,8192,640,640,512,320,2,64,1,1,1,1,16,4,32,20,0,"[512, 320, 0]","[32, 20, 0]","[0, 0, 2]",True,True,True,hip://7,916,True,133.17,145.33,1.09136,422
87,921,8192,640,640,128,160,1,128,1,1,1,2,16,4,8,5,0,"[128, 160, 0]","[8, 5, 0]","[0, 0, 1]",True,False,False,,,False,,,,
311,922,8192,640,640,512,32,4,64,1,1,1,1,16,4,32,2,0,"[512, 32, 0]","[32, 2, 0]","[0, 0, 4]",True,True,True,hip://5,917,True,129.17,263.33,2.03871,1405
576,923,8192,640,640,32,160,4,64,1,1,1,1,16,4,2,10,0,"[32, 160, 0]","[2, 10, 0]","[0, 0, 4]",True,True,True,hip://6,918,True,133.0,1350.0,10.15038,1727
830,924,8192,640,640,256,80,2,128,1,1,2,1,16,4,8,5,0,"[256, 80, 0]","[8, 5, 0]","[0, 0, 2]",True,True,True,hip://2,919,True,132.83,116.67,0.87829,57
152,925,8192,640,640,64,32,2,512,1,1,4,2,16,4,1,1,0,"[64, 32, 0]","[1, 1, 0]","[0, 0, 2]",True,True,True,hip://7,920,True,133.17,244.67,1.8373,1337
1078,926,8192,640,640,128,160,10,640,1,1,1,10,16,4,8,1,0,"[128, 160, 0]","[8, 1, 0]","[0, 0, 10]",True,True,True,hip://5,921,True,129.17,171.0,1.32387,847
1806,927,8192,640,640,32,80,1,64,1,1,1,1,16,4,2,5,0,"[32, 80, 0]","[2, 5, 0]","[0, 0, 1]",True,True,True,hip://6,922,True,133.0,144.67,1.08772,417
1452,928,8192,640,640,32,64,20,512,1,1,2,4,16,4,1,1,0,"[32, 64, 0]","[1, 1, 0]","[0, 0, 20]",True,True,True,hip://2,923,True,132.83,209.67,1.57842,1171
1699,929,8192,640,640,32,80,32,320,1,1,1,5,16,4,2,1,0,"[32, 80, 0]","[2, 1, 0]","[0, 0, 32]",True,True,True,hip://7,924,True,133.17,146.0,1.09637,434
590,930,8192,640,640,256,64,4,256,1,1,1,4,16,4,16,1,0,"[256, 64, 0]","[16, 1, 0]","[0, 0, 4]",True,True,True,hip://5,925,True,129.17,184.0,1.42452,996
75,931,8192,640,640,128,64,16,512,1,1,4,2,16,4,2,2,0,"[128, 64, 0]","[2, 2, 0]","[0, 0, 16]",True,True,True,hip://6,926,True,133.0,153.0,1.15038,553
503,932,8192,640,640,256,320,4,320,1,1,1,5,16,4,16,4,0,"[256, 320, 0]","[16, 4, 0]","[0, 0, 4]",True,True,True,hip://2,927,True,132.83,136.67,1.02886,306
410,933,8192,640,640,128,128,10,256,1,1,4,1,16,4,2,8,0,"[128, 128, 0]","[2, 8, 0]","[0, 0, 10]",True,True,True,hip://7,928,True,133.17,558.0,4.19024,1652
66,934,8192,640,640,128,64,2,512,1,1,4,2,16,4,2,2,0,"[128, 64, 0]","[2, 2, 0]","[0, 0, 2]",True,True,True,hip://5,929,True,129.17,162.67,1.25935,746
1684,935,8192,640,640,256,320,2,320,1,1,1,5,16,4,16,4,0,"[256, 320, 0]","[16, 4, 0]","[0, 0, 2]",True,True,True,hip://6,930,True,133.0,144.0,1.08271,407
1459,936,8192,640,640,32,64,32,256,1,1,2,2,16,4,1,2,0,"[32, 64, 0]","[1, 2, 0]","[0, 0, 32]",True,True,True,hip://2,931,True,132.83,563.33,4.2409,1654
1757,937,8192,640,640,32,64,10,256,1,1,1,4,16,4,2,1,0,"[32, 64, 0]","[2, 1, 0]","[0, 0, 10]",True,True,True,hip://7,932,True,133.17,133.67,1.00375,267
1532,938,8192,640,640,32,160,1,128,1,1,1,2,16,4,2,5,0,"[32, 160, 0]","[2, 5, 0]","[0, 0, 1]",True,True,True,hip://5,933,True,129.17,153.33,1.1871,620
1095,939,8192,640,640,64,160,2,640,1,1,1,10,16,4,4,1,0,"[64, 160, 0]","[4, 1, 0]","[0, 0, 2]",True,True,True,hip://6,934,True,133.0,220.33,1.65664,1238
1732,940,8192,640,640,32,64,2,256,1,1,1,4,16,4,2,1,0,"[32, 64, 0]","[2, 1, 0]","[0, 0, 2]",True,True,True,hip://2,935,True,132.83,116.67,0.87829,58
188,941,8192,640,640,512,128,4,512,1,1,4,2,16,4,8,4,0,"[512, 128, 0]","[8, 4, 0]","[0, 0, 4]",True,True,True,hip://7,936,True,133.17,158.67,1.19149,628
348,942,8192,640,640,64,160,8,256,1,1,4,1,16,4,1,10,0,"[64, 160, 0]","[1, 10, 0]","[0, 0, 8]",True,True,True,hip://5,937,True,129.17,252.0,1.95097,1378
1709,943,8192,640,640,32,160,2,320,1,1,1,5,16,4,2,2,0,"[32, 160, 0]","[2, 2, 0]","[0, 0, 2]",True,True,True,hip://6,938,True,133.0,114.67,0.86216,41
1609,944,8192,640,640,256,128,8,256,1,1,1,4,16,4,16,2,0,"[256, 128, 0]","[16, 2, 0]","[0, 0, 8]",True,True,True,hip://2,939,True,132.83,126.0,0.94856,180
1177,945,8192,640,640,128,320,1,256,1,1,1,4,16,4,8,5,0,"[128, 320, 0]","[8, 5, 0]","[0, 0, 1]",True,True,True,hip://7,940,True,133.17,156.0,1.17146,594
291,946,8192,640,640,512,32,1,64,1,1,1,1,16,4,32,2,0,"[512, 32, 0]","[32, 2, 0]","[0, 0, 1]",True,True,True,hip://5,941,True,129.17,288.33,2.23226,1468
1249,947,8192,640,640,256,128,1,512,1,1,2,4,16,4,8,2,0,"[256, 128, 0]","[8, 2, 0]","[0, 0, 1]",True,True,True,hip://6,942,True,133.0,1326.67,9.97494,1725
1151,948,8192,640,640,128,128,5,128,1,1,2,1,16,4,4,8,0,"[128, 128, 0]","[4, 8, 0]","[0, 0, 5]",True,True,True,hip://2,943,True,132.83,168.67,1.26976,764
1279,949,8192,640,640,64,128,20,128,1,1,2,1,16,4,2,8,0,"[64, 128, 0]","[2, 8, 0]","[0, 0, 20]",True,True,True,hip://7,944,True,133.17,142.0,1.06633,377
105,950,8192,640,640,128,64,16,256,1,1,2,2,16,4,4,2,0,"[128, 64, 0]","[4, 2, 0]","[0, 0, 16]",True,True,True,hip://6,945,True,133.0,199.67,1.50125,1092
1050,951,8192,640,640,256,64,4,256,1,1,2,2,16,4,8,2,0,"[256, 64, 0]","[8, 2, 0]","[0, 0, 4]",True,True,True,hip://5,946,True,129.17,143.33,1.10968,460
770,952,8192,640,640,128,80,10,64,1,1,1,1,16,4,8,5,0,"[128, 80, 0]","[8, 5, 0]","[0, 0, 10]",True,True,True,hip://2,947,True,132.83,149.0,1.12171,488
1291,953,8192,640,640,64,80,2,128,1,1,2,1,16,4,2,5,0,"[64, 80, 0]","[2, 5, 0]","[0, 0, 2]",True,True,True,hip://7,948,True,133.17,569.0,4.27284,1657
653,954,8192,640,640,256,320,4,512,1,1,8,1,16,4,2,20,0,"[256, 320, 0]","[2, 20, 0]","[0, 0, 4]",True,True,True,hip://6,949,True,133.0,160.0,1.20301,656
961,955,8192,640,640,256,128,10,512,1,1,2,4,16,4,8,2,0,"[256, 128, 0]","[8, 2, 0]","[0, 0, 10]",True,True,True,hip://5,950,True,129.17,315.33,2.44129,1513
1410,956,8192,640,640,32,160,20,128,1,1,2,1,16,4,1,10,0,"[32, 160, 0]","[1, 10, 0]","[0, 0, 20]",True,True,True,hip://2,951,True,132.83,170.67,1.28482,783
299,957,8192,640,640,512,128,1,128,1,1,2,1,16,4,16,8,0,"[512, 128, 0]","[16, 8, 0]","[0, 0, 1]",True,True,True,hip://7,952,True,133.17,207.33,1.55695,1153
1008,958,8192,640,640,32,320,5,640,1,1,2,5,16,4,1,4,0,"[32, 320, 0]","[1, 4, 0]","[0, 0, 5]",True,True,True,hip://6,953,True,133.0,4196.67,31.55388,1796
1128,959,8192,640,640,128,80,16,128,1,1,2,1,16,4,4,5,0,"[128, 80, 0]","[4, 5, 0]","[0, 0, 16]",True,True,True,hip://5,954,True,129.17,185.33,1.43484,1009
46,960,8192,640,640,128,320,8,512,1,1,4,2,16,4,2,10,0,"[128, 320, 0]","[2, 10, 0]","[0, 0, 8]",True,True,True,hip://2,955,True,132.83,174.0,1.30991,825
280,961,8192,640,640,512,320,4,512,1,1,8,1,16,4,4,20,0,"[512, 320, 0]","[4, 20, 0]","[0, 0, 4]",True,True,True,hip://7,956,True,133.17,179.0,1.34418,878
129,962,8192,640,640,128,32,20,128,1,1,1,2,16,4,8,1,0,"[128, 32, 0]","[8, 1, 0]","[0, 0, 20]",True,True,True,hip://6,957,True,133.0,2420.0,18.19549,1771
1325,963,8192,640,640,64,32,1,128,1,1,2,1,16,4,2,2,0,"[64, 32, 0]","[2, 2, 0]","[0, 0, 1]",True,True,True,hip://5,958,True,129.17,185.67,1.43742,1013
1531,964,8192,640,640,32,128,1,128,1,1,1,2,16,4,2,4,0,"[32, 128, 0]","[2, 4, 0]","[0, 0, 1]",True,True,True,hip://2,959,True,132.83,246.33,1.85445,1347
1667,965,8192,640,640,16,80,10,320,1,1,1,5,16,4,1,1,0,"[16, 80, 0]","[1, 1, 0]","[0, 0, 10]",True,True,True,hip://7,960,True,133.17,237.0,1.77972,1310
309,966,8192,640,640,512,32,5,64,1,1,1,1,16,4,32,2,0,"[512, 32, 0]","[32, 2, 0]","[0, 0, 5]",True,True,True,hip://5,961,True,129.17,195.67,1.51484,1111
183,967,8192,640,640,256,128,8,512,1,1,4,2,16,4,4,4,0,"[256, 128, 0]","[4, 4, 0]","[0, 0, 8]",True,True,True,hip://6,962,True,133.0,1166.67,8.77193,1715
369,968,8192,640,640,64,16,8,256,1,1,4,1,16,4,1,1,0,"[64, 16, 0]","[1, 1, 0]","[0, 0, 8]",True,True,True,hip://2,963,True,132.83,147.67,1.11167,465
232,969,8192,640,640,512,80,1,512,1,1,8,1,16,4,4,5,0,"[512, 80, 0]","[4, 5, 0]","[0, 0, 1]",True,True,True,hip://7,964,True,133.17,118.33,0.88861,75
1350,970,8192,640,640,64,64,4,256,1,1,2,2,16,4,2,2,0,"[64, 64, 0]","[2, 2, 0]","[0, 0, 4]",True,True,True,hip://5,965,True,129.17,196.0,1.51742,1115
1534,971,8192,640,640,16,160,1,128,1,1,1,2,16,4,1,5,0,"[16, 160, 0]","[1, 5, 0]","[0, 0, 1]",True,True,True,hip://6,966,True,133.0,108.67,0.81704,12
852,972,8192,640,640,256,32,8,64,1,1,1,1,16,4,16,2,0,"[256, 32, 0]","[16, 2, 0]","[0, 0, 8]",True,True,True,hip://2,967,True,132.83,308.0,2.3187,1484
1352,973,8192,640,640,64,64,1,256,1,1,2,2,16,4,2,2,0,"[64, 64, 0]","[2, 2, 0]","[0, 0, 1]",True,True,True,hip://7,968,True,133.17,399.33,2.99875,1604
289,974,8192,640,640,512,80,1,64,1,1,1,1,16,4,32,5,0,"[512, 80, 0]","[32, 5, 0]","[0, 0, 1]",True,True,True,hip://6,969,True,133.0,188.33,1.41604,981
1687,975,8192,640,640,64,160,1,320,1,1,1,5,16,4,4,2,0,"[64, 160, 0]","[4, 2, 0]","[0, 0, 1]",True,True,True,hip://5,970,True,129.17,2530.0,19.5871,1777
537,976,8192,640,640,256,160,4,64,1,1,1,1,16,4,16,10,0,"[256, 160, 0]","[16, 10, 0]","[0, 0, 4]",True,True,True,hip://2,971,True,132.83,143.0,1.07654,396
1745,977,8192,640,640,64,320,8,256,1,1,1,4,16,4,4,5,0,"[64, 320, 0]","[4, 5, 0]","[0, 0, 8]",True,True,True,hip://7,972,True,133.17,2343.33,17.597,1766
603,978,8192,640,640,32,128,4,256,1,1,1,4,16,4,2,2,0,"[32, 128, 0]","[2, 2, 0]","[0, 0, 4]",True,True,True,hip://6,973,True,133.0,125.0,0.93985,169
1061,979,8192,640,640,32,160,5,640,1,1,2,5,16,4,1,2,0,"[32, 160, 0]","[1, 2, 0]","[0, 0, 5]",True,True,True,hip://5,974,True,129.17,114.33,0.88516,66
1171,980,8192,640,640,128,64,5,128,1,1,2,1,16,4,4,4,0,"[128, 64, 0]","[4, 4, 0]","[0, 0, 5]",True,True,True,hip://2,975,True,132.83,168.67,1.26976,765
495,981,8192,640,640,256,320,2,64,1,1,1,1,16,4,16,20,0,"[256, 320, 0]","[16, 20, 0]","[0, 0, 2]",True,True,True,hip://7,976,True,133.17,169.33,1.27159,768
1353,982,8192,640,640,64,64,32,256,1,1,2,2,16,4,2,2,0,"[64, 64, 0]","[2, 2, 0]","[0, 0, 32]",True,True,True,hip://6,977,True,133.0,8230.0,61.8797,1815
1084,983,8192,640,640,128,160,1,640,1,1,1,10,16,4,8,1,0,"[128, 160, 0]","[8, 1, 0]","[0, 0, 1]",True,True,True,hip://5,978,True,129.17,279.67,2.16516,1442
196,984,8192,640,640,512,320,4,512,1,1,4,2,16,4,8,10,0,"[512, 320, 0]","[8, 10, 0]","[0, 0, 4]",True,True,True,hip://2,979,True,132.83,148.67,1.1192,480
1374,985,8192,640,640,64,64,20,128,1,1,2,1,16,4,2,4,0,"[64, 64, 0]","[2, 4, 0]","[0, 0, 20]",True,True,True,hip://7,980,True,133.17,2080.0,15.61952,1758
706,986,8192,640,640,128,320,2,512,1,1,8,1,16,4,1,20,0,"[128, 320, 0]","[1, 20, 0]","[0, 0, 2]",True,True,True,hip://6,981,True,133.0,183.67,1.38095,928
780,987,8192,640,640,128,16,10,128,1,1,2,1,16,4,4,1,0,"[128, 16, 0]","[4, 1, 0]","[0, 0, 10]",True,True,True,hip://5,982,True,129.17,230.33,1.78323,1313
1223,988,8192,640,640,128,160,2,320,1,1,1,5,16,4,8,2,0,"[128, 160, 0]","[8, 2, 0]","[0, 0, 2]",True,True,True,hip://2,983,True,132.83,217.33,1.63614,1222
1704,989,8192,640,640,32,320,10,320,1,1,1,5,16,4,2,4,0,"[32, 320, 0]","[2, 4, 0]","[0, 0, 10]",True,True,True,hip://7,984,True,133.17,146.33,1.09887,437
760,990,8192,640,640,32,80,10,64,1,1,1,1,16,4,2,5,0,"[32, 80, 0]","[2, 5, 0]","[0, 0, 10]",True,True,True,hip://6,985,True,133.0,158.0,1.18797,621
122,991,8192,640,640,128,32,1,128,1,1,1,2,16,4,8,1,0,"[128, 32, 0]","[8, 1, 0]","[0, 0, 1]",True,True,True,hip://5,986,True,129.17,347.0,2.68645,1566
1405,992,8192,640,640,32,320,8,128,1,1,2,1,16,4,1,20,0,"[32, 320, 0]","[1, 20, 0]","[0, 0, 8]",True,True,True,hip://2,987,True,132.83,223.33,1.6813,1256
197,993,8192,640,640,512,320,2,512,1,1,4,2,16,4,8,10,0,"[512, 320, 0]","[8, 10, 0]","[0, 0, 2]",True,True,True,hip://7,988,True,133.17,214.0,1.60701,1200
738,994,8192,640,640,128,320,4,512,1,1,8,1,16,4,1,20,0,"[128, 320, 0]","[1, 20, 0]","[0, 0, 4]",True,True,True,hip://6,989,True,133.0,1410.0,10.6015,1730
123,995,8192,640,640,128,64,2,128,1,1,1,2,16,4,8,2,0,"[128, 64, 0]","[8, 2, 0]","[0, 0, 2]",True,True,True,hip://5,990,True,129.17,201.0,1.55613,1151
1669,996,8192,640,640,16,80,2,320,1,1,1,5,16,4,1,1,0,"[16, 80, 0]","[1, 1, 0]","[0, 0, 2]",True,True,True,hip://2,991,True,132.83,144.67,1.08908,421
1597,997,8192,640,640,16,160,5,128,1,1,1,2,16,4,1,5,0,"[16, 160, 0]","[1, 5, 0]","[0, 0, 5]",True,True,True,hip://7,992,True,133.17,181.67,1.36421,902
1013,998,8192,640,640,256,128,8,512,1,1,1,8,16,4,16,1,0,"[256, 128, 0]","[16, 1, 0]","[0, 0, 8]",True,True,True,hip://6,993,True,133.0,225.0,1.69173,1262
1593,999,8192,640,640,32,64,5,128,1,1,1,2,16,4,2,2,0,"[32, 64, 0]","[2, 2, 0]","[0, 0, 5]",True,True,True,hip://5,994,True,129.17,157.33,1.21806,680
464,1000,8192,640,640,32,320,10,256,1,1,2,2,16,4,1,10,0,"[32, 320, 0]","[1, 10, 0]","[0, 0, 10]",True,True,True,hip://2,995,True,132.83,185.33,1.39523,952
1305,1001,8192,640,640,32,160,2,256,1,1,2,2,16,4,1,5,0,"[32, 160, 0]","[1, 5, 0]","[0, 0, 2]",True,True,True,hip://7,996,True,133.17,243.67,1.82979,1334
1057,1002,8192,640,640,32,320,1,640,1,1,2,5,16,4,1,4,0,"[32, 320, 0]","[1, 4, 0]","[0, 0, 1]",True,True,True,hip://6,997,True,133.0,158.0,1.18797,622
1565,1003,8192,640,640,16,64,5,128,1,1,1,2,16,4,1,2,0,"[16, 64, 0]","[1, 2, 0]","[0, 0, 5]",True,True,True,hip://5,998,True,129.17,190.0,1.47097,1052
1825,1004,8192,640,640,32,64,32,64,1,1,1,1,16,4,2,4,0,"[32, 64, 0]","[2, 4, 0]","[0, 0, 32]",True,True,True,hip://2,999,True,132.83,167.0,1.25721,744
763,1005,8192,640,640,64,64,10,64,1,1,1,1,16,4,4,4,0,"[64, 64, 0]","[4, 4, 0]","[0, 0, 10]",True,True,True,hip://7,1000,True,133.17,305.67,2.29537,1480
1761,1006,8192,640,640,32,64,32,256,1,1,1,4,16,4,2,1,0,"[32, 64, 0]","[2, 1, 0]","[0, 0, 32]",True,True,True,hip://6,1001,True,133.0,146.0,1.09774,436
352,1007,8192,640,640,64,160,16,256,1,1,4,1,16,4,1,10,0,"[64, 160, 0]","[1, 10, 0]","[0, 0, 16]",True,True,True,hip://5,1002,True,129.17,135.33,1.04774,338
1295,1008,8192,640,640,64,64,2,128,1,1,2,1,16,4,2,4,0,"[64, 64, 0]","[2, 4, 0]","[0, 0, 2]",True,True,True,hip://2,1003,True,132.83,127.33,0.95859,194
1433,1009,8192,640,640,512,160,5,256,1,1,2,2,16,4,16,5,0,"[512, 160, 0]","[16, 5, 0]","[0, 0, 5]",True,True,True,hip://7,1004,True,133.17,128.0,0.9612,198
1334,1010,8192,640,640,64,320,4,512,1,1,2,4,16,4,2,5,0,"[64, 320, 0]","[2, 5, 0]","[0, 0, 4]",True,True,True,hip://6,1005,True,133.0,567.67,4.26817,1656
377,1011,8192,640,640,64,32,1,256,1,1,4,1,16,4,1,2,0,"[64, 32, 0]","[1, 2, 0]","[0, 0, 1]",True,True,True,hip://5,1006,True,129.17,143.67,1.11226,466
595,1012,8192,640,640,16,64,4,128,1,1,1,2,16,4,1,2,0,"[16, 64, 0]","[1, 2, 0]","[0, 0, 4]",True,True,True,hip://2,1007,True,132.83,246.0,1.85194,1346
679,1013,8192,640,640,256,32,5,512,1,1,8,1,16,4,2,2,0,"[256, 32, 0]","[2, 2, 0]","[0, 0, 5]",True,True,True,hip://7,1008,True,133.17,151.0,1.13392,513
1647,1014,8192,640,640,64,80,5,320,1,1,1,5,16,4,4,1,0,"[64, 80, 0]","[4, 1, 0]","[0, 0, 5]",True,True,True,hip://6,1009,True,133.0,204.67,1.53885,1134
249,1015,8192,640,640,512,160,2,512,1,1,8,1,16,4,4,10,0,"[512, 160, 0]","[4, 10, 0]","[0, 0, 2]",True,True,True,hip://5,1010,True,129.17,139.33,1.07871,399
708,1016,8192,640,640,128,320,8,512,1,1,8,1,16,4,1,20,0,"[128, 320, 0]","[1, 20, 0]","[0, 0, 8]",True,True,True,hip://2,1011,True,132.83,285.67,2.15056,1440
414,1017,8192,640,640,128,64,20,256,1,1,4,1,16,4,2,4,0,"[128, 64, 0]","[2, 4, 0]","[0, 0, 20]",True,True,True,hip://7,1012,True,133.17,182.0,1.36671,907
226,1018,8192,640,640,256,64,10,512,1,1,4,2,16,4,4,2,0,"[256, 64, 0]","[4, 2, 0]","[0, 0, 10]",True,True,True,hip://6,1013,True,133.0,138.0,1.03759,324
1227,1019,8192,640,640,128,80,16,320,1,1,1,5,16,4,8,1,0,"[128, 80, 0]","[8, 1, 0]","[0, 0, 16]",True,True,True,hip://5,1014,True,129.17,194.0,1.50194,1095
95,1020,8192,640,640,128,64,1,256,1,1,2,2,16,4,4,2,0,"[128, 64, 0]","[4, 2, 0]","[0, 0, 1]",True,True,True,hip://2,1015,True,132.83,186.0,1.40025,960
17,1021,8192,640,640,64,80,1,640,1,1,2,5,16,4,2,1,0,"[64, 80, 0]","[2, 1, 0]","[0, 0, 1]",True,True,True,hip://7,1016,True,133.17,182.0,1.36671,908
811,1022,8192,640,640,256,320,5,128,1,1,2,1,16,4,8,20,0,"[256, 320, 0]","[8, 20, 0]","[0, 0, 5]",True,True,True,hip://6,1017,True,133.0,208.33,1.56642,1163
458,1023,8192,640,640,256,128,8,512,1,1,8,1,16,4,2,8,0,"[256, 128, 0]","[2, 8, 0]","[0, 0, 8]",True,True,True,hip://5,1018,True,129.17,1960.0,15.17419,1756
1005,1024,8192,640,640,512,128,1,256,1,1,2,2,16,4,16,4,0,"[512, 128, 0]","[16, 4, 0]","[0, 0, 1]",True,True,True,hip://2,1019,True,132.83,154.33,1.16186,577
975,1025,8192,640,640,64,80,20,640,1,1,2,5,16,4,2,1,0,"[64, 80, 0]","[2, 1, 0]","[0, 0, 20]",True,True,True,hip://7,1020,True,133.17,682.0,5.1214,1679
492,1026,8192,640,640,512,320,2,128,1,1,1,2,16,4,32,10,0,"[512, 320, 0]","[32, 10, 0]","[0, 0, 2]",True,True,True,hip://6,1021,True,133.0,172.33,1.29574,801
1377,1027,8192,640,640,64,160,5,128,1,1,2,1,16,4,2,10,0,"[64, 160, 0]","[2, 10, 0]","[0, 0, 5]",True,True,True,hip://5,1022,True,129.17,10533.33,81.54839,1818
1337,1028,8192,640,640,64,320,5,512,1,1,2,4,16,4,2,5,0,"[64, 320, 0]","[2, 5, 0]","[0, 0, 5]",True,True,True,hip://2,1023,True,132.83,218.33,1.64366,1226
494,1029,8192,640,640,256,320,1,64,1,1,1,1,16,4,16,20,0,"[256, 320, 0]","[16, 20, 0]","[0, 0, 1]",True,True,True,hip://7,1024,True,133.17,149.67,1.1239,495
1604,1030,8192,640,640,256,80,8,320,1,1,1,5,16,4,16,1,0,"[256, 80, 0]","[16, 1, 0]","[0, 0, 8]",True,True,True,hip://6,1025,True,133.0,10533.33,79.19799,1817
391,1031,8192,640,640,64,32,10,256,1,1,4,1,16,4,1,2,0,"[64, 32, 0]","[1, 2, 0]","[0, 0, 10]",True,True,True,hip://5,1026,True,129.17,187.67,1.4529,1028
20,1032,8192,640,640,128,80,8,640,1,1,2,5,16,4,4,1,0,"[128, 80, 0]","[4, 1, 0]","[0, 0, 8]",True,True,True,hip://2,1027,True,132.83,150.67,1.13425,515
565,1033,8192,640,640,128,32,4,64,1,1,1,1,16,4,8,2,0,"[128, 32, 0]","[8, 2, 0]","[0, 0, 4]",True,True,True,hip://7,1028,True,133.17,157.0,1.17897,610
572,1034,8192,640,640,256,64,4,64,1,1,1,1,16,4,16,4,0,"[256, 64, 0]","[16, 4, 0]","[0, 0, 4]",True,True,True,hip://6,1029,True,133.0,142.67,1.07268,390
697,1035,8192,640,640,128,16,1,512,1,1,8,1,16,4,1,1,0,"[128, 16, 0]","[1, 1, 0]","[0, 0, 1]",True,True,True,hip://5,1030,True,129.17,268.33,2.07742,1411
529,1036,8192,640,640,512,160,4,640,1,1,1,10,16,4,32,1,0,"[512, 160, 0]","[32, 1, 0]","[0, 0, 4]",True,True,True,hip://2,1031,True,132.83,362.67,2.73024,1571
726,1037,8192,640,640,128,64,8,512,1,1,8,1,16,4,1,4,0,"[128, 64, 0]","[1, 4, 0]","[0, 0, 8]",True,True,True,hip://7,1032,True,133.17,416.67,3.12891,1616
434,1038,8192,640,640,128,32,10,256,1,1,4,1,16,4,2,2,0,"[128, 32, 0]","[2, 2, 0]","[0, 0, 10]",True,True,True,hip://6,1033,True,133.0,115.0,0.86466,46
998,1039,8192,640,640,32,80,2,640,1,1,2,5,16,4,1,1,0,"[32, 80, 0]","[1, 1, 0]","[0, 0, 2]",True,True,True,hip://5,1034,True,129.17,155.67,1.20516,658
1123,1040,8192,640,640,32,320,2,640,1,1,1,10,16,4,2,2,0,"[32, 320, 0]","[2, 2, 0]","[0, 0, 2]",True,True,True,hip://2,1035,True,132.83,159.67,1.20201,654
665,1041,8192,640,640,256,160,5,512,1,1,8,1,16,4,2,10,0,"[256, 160, 0]","[2, 10, 0]","[0, 0, 5]",True,True,True,hip://7,1036,True,133.17,122.67,0.92115,133
1216,1042,8192,640,640,128,64,1,64,1,1,1,1,16,4,8,4,0,"[128, 64, 0]","[8, 4, 0]","[0, 0, 1]",True,True,True,hip://6,1037,True,133.0,203.0,1.52632,1124
58,1043,8192,640,640,128,32,8,512,1,1,4,2,16,4,2,1,0,"[128, 32, 0]","[2, 1, 0]","[0, 0, 8]",True,True,True,hip://5,1038,True,129.17,224.0,1.73419,1285
1136,1044,8192,640,640,128,320,2,128,1,1,2,1,16,4,4,20,0,"[128, 320, 0]","[4, 20, 0]","[0, 0, 2]",True,True,True,hip://2,1039,True,132.83,113.67,0.85571,33
1114,1045,8192,640,640,512,160,1,640,1,1,1,10,16,4,32,1,0,"[512, 160, 0]","[32, 1, 0]","[0, 0, 1]",True,True,True,hip://7,1040,True,133.17,1540.0,11.56446,1734
1199,1046,8192,640,640,128,160,5,64,1,1,1,1,16,4,8,10,0,"[128, 160, 0]","[8, 10, 0]","[0, 0, 5]",True,True,True,hip://6,1041,True,133.0,360.33,2.70927,1567
1214,1047,8192,640,640,128,64,8,64,1,1,1,1,16,4,8,4,0,"[128, 64, 0]","[8, 4, 0]","[0, 0, 8]",True,True,True,hip://5,1042,True,129.17,533.0,4.12645,1647
923,1048,8192,640,640,16,32,1,64,1,1,1,1,16,4,1,2,0,"[16, 32, 0]","[1, 2, 0]","[0, 0, 1]",True,True,True,hip://2,1043,True,132.83,250.0,1.88206,1359
1306,1049,8192,640,640,32,32,2,256,1,1,2,2,16,4,1,1,0,"[32, 32, 0]","[1, 1, 0]","[0, 0, 2]",True,True,True,hip://7,1044,True,133.17,385.67,2.89612,1590
177,1050,8192,640,640,64,128,4,512,1,1,4,2,16,4,1,4,0,"[64, 128, 0]","[1, 4, 0]","[0, 0, 4]",True,True,True,hip://6,1045,True,133.0,162.33,1.22055,684
502,1051,8192,640,640,512,320,4,320,1,1,1,5,16,4,32,4,0,"[512, 320, 0]","[32, 4, 0]","[0, 0, 4]",True,True,True,hip://5,1046,True,129.17,118.67,0.91871,128
660,1052,8192,640,640,256,128,10,512,1,1,8,1,16,4,2,8,0,"[256, 128, 0]","[2, 8, 0]","[0, 0, 10]",True,True,True,hip://2,1047,True,132.83,2670.0,20.10038,1779
549,1053,8192,640,640,32,64,4,64,1,1,1,1,16,4,2,4,0,"[32, 64, 0]","[2, 4, 0]","[0, 0, 4]",True,True,True,hip://7,1048,True,133.17,166.0,1.24656,725
1717,1054,8192,640,640,16,64,1,256,1,1,1,4,16,4,1,1,0,"[16, 64, 0]","[1, 1, 0]","[0, 0, 1]",True,True,True,hip://6,1049,True,133.0,131.0,0.98496,232
1091,1055,8192,640,640,16,320,5,640,1,1,1,10,16,4,1,2,0,"[16, 320, 0]","[1, 2, 0]","[0, 0, 5]",True,True,True,hip://5,1050,True,129.17,353.67,2.73806,1572
990,1056,8192,640,640,512,64,4,512,1,1,2,4,16,4,16,1,0,"[512, 64, 0]","[16, 1, 0]","[0, 0, 4]",True,True,True,hip://2,1051,True,132.83,232.33,1.74906,1293
553,1057,8192,640,640,32,128,4,64,1,1,1,1,16,4,2,8,0,"[32, 128, 0]","[2, 8, 0]","[0, 0, 4]",True,True,True,hip://7,1052,True,133.17,168.67,1.26658,756
1208,1058,8192,640,640,128,128,2,64,1,1,1,1,16,4,8,8,0,"[128, 128, 0]","[8, 8, 0]","[0, 0, 2]",True,True,True,hip://6,1053,True,133.0,156.0,1.17293,598
891,1059,8192,640,640,64,16,40,64,1,1,1,1,16,4,4,1,0,"[64, 16, 0]","[4, 1, 0]","[0, 0, 40]",True,True,True,hip://5,1054,True,129.17,745.67,5.7729,1691
1624,1060,8192,640,640,512,64,5,256,1,1,1,4,16,4,32,1,0,"[512, 64, 0]","[32, 1, 0]","[0, 0, 5]",True,True,True,hip://2,1055,True,132.83,379.0,2.8532,1584
941,1061,8192,640,640,16,160,20,64,1,1,1,1,16,4,1,10,0,"[16, 160, 0]","[1, 10, 0]","[0, 0, 20]",True,True,True,hip://7,1056,True,133.17,211.67,1.58949,1185
1679,1062,8192,640,640,512,160,1,320,1,1,1,5,16,4,32,2,0,"[512, 160, 0]","[32, 2, 0]","[0, 0, 1]",True,True,True,hip://6,1057,True,133.0,387.33,2.91228,1594
887,1063,8192,640,640,32,16,20,64,1,1,1,1,16,4,2,1,0,"[32, 16, 0]","[2, 1, 0]","[0, 0, 20]",True,True,True,hip://5,1058,True,129.17,690.0,5.34194,1683
216,1064,8192,640,640,256,32,5,512,1,1,4,2,16,4,4,1,0,"[256, 32, 0]","[4, 1, 0]","[0, 0, 5]",True,True,True,hip://7,1059,True,133.17,137.0,1.02879,304
1003,1065,8192,640,640,512,128,5,512,1,1,1,8,16,4,32,1,0,"[512, 128, 0]","[32, 1, 0]","[0, 0, 5]",True,True,True,hip://2,1060,True,132.83,198.33,1.4931,1084
1156,1066,8192,640,640,128,64,4,512,1,1,2,4,16,4,4,1,0,"[128, 64, 0]","[4, 1, 0]","[0, 0, 4]",True,True,True,hip://6,1061,True,133.0,299.33,2.25063,1474
25,1067,8192,640,640,128,160,10,640,1,1,2,5,16,4,4,2,0,"[128, 160, 0]","[4, 2, 0]","[0, 0, 10]",True,True,True,hip://5,1062,True,129.17,127.33,0.98581,234
698,1068,8192,640,640,128,16,2,512,1,1,8,1,16,4,1,1,0,"[128, 16, 0]","[1, 1, 0]","[0, 0, 2]",True,True,True,hip://7,1063,True,133.17,142.33,1.06884,380
1413,1069,8192,640,640,32,64,20,128,1,1,2,1,16,4,1,4,0,"[32, 64, 0]","[1, 4, 0]","[0, 0, 20]",True,True,True,hip://2,1064,True,132.83,199.33,1.50063,1091
1601,1070,8192,640,640,512,80,2,320,1,1,1,5,16,4,32,1,0,"[512, 80, 0]","[32, 1, 0]","[0, 0, 2]",True,True,True,hip://6,1065,True,133.0,133.67,1.00501,273
1738,1071,8192,640,640,16,320,10,256,1,1,1,4,16,4,1,5,0,"[16, 320, 0]","[1, 5, 0]","[0, 0, 10]",True,True,True,hip://5,1066,True,129.17,337.0,2.60903,1554
1126,1072,8192,640,640,256,64,8,512,1,1,2,4,16,4,8,1,0,"[256, 64, 0]","[8, 1, 0]","[0, 0, 8]",True,True,True,hip://7,1067,True,133.17,270.67,2.03254,1402
711,1073,8192,640,640,128,128,5,512,1,1,8,1,16,4,1,8,0,"[128, 128, 0]","[1, 8, 0]","[0, 0, 5]",True,True,True,hip://2,1068,True,132.83,161.0,1.21205,671
84,1074,8192,640,640,128,160,10,256,1,1,2,2,16,4,4,5,0,"[128, 160, 0]","[4, 5, 0]","[0, 0, 10]",True,True,True,hip://6,1069,True,133.0,176.0,1.32331,846
1572,1075,8192,640,640,32,64,2,128,1,1,1,2,16,4,2,2,0,"[32, 64, 0]","[2, 2, 0]","[0, 0, 2]",True,True,True,hip://5,1070,True,129.17,147.33,1.14065,532
617,1076,8192,640,640,32,160,4,640,1,1,2,5,16,4,1,2,0,"[32, 160, 0]","[1, 2, 0]","[0, 0, 4]",True,True,True,hip://7,1071,True,133.17,157.0,1.17897,611
208,1077,8192,640,640,256,160,8,512,1,1,4,2,16,4,4,5,0,"[256, 160, 0]","[4, 5, 0]","[0, 0, 8]",True,True,True,hip://2,1072,True,132.83,120.33,0.9059,104
1539,1078,8192,640,640,16,128,8,128,1,1,1,2,16,4,1,4,0,"[16, 128, 0]","[1, 4, 0]","[0, 0, 8]",True,True,True,hip://6,1073,True,133.0,192.33,1.44612,1018
155,1079,8192,640,640,64,128,5,512,1,1,4,2,16,4,1,4,0,"[64, 128, 0]","[1, 4, 0]","[0, 0, 5]",True,True,True,hip://5,1074,True,129.17,148.33,1.14839,548
406,1080,8192,640,640,256,320,5,256,1,1,4,1,16,4,4,20,0,"[256, 320, 0]","[4, 20, 0]","[0, 0, 5]",True,True,True,hip://7,1075,True,133.17,141.33,1.06133,361
812,1081,8192,640,640,256,16,8,128,1,1,2,1,16,4,8,1,0,"[256, 16, 0]","[8, 1, 0]","[0, 0, 8]",True,True,True,hip://2,1076,True,132.83,515.0,3.87704,1640
768,1082,8192,640,640,128,160,10,64,1,1,1,1,16,4,8,10,0,"[128, 160, 0]","[8, 10, 0]","[0, 0, 10]",True,True,True,hip://6,1077,True,133.0,219.0,1.64662,1231
1580,1083,8192,640,640,32,160,20,128,1,1,1,2,16,4,2,5,0,"[32, 160, 0]","[2, 5, 0]","[0, 0, 20]",True,True,True,hip://5,1078,True,129.17,656.33,5.08129,1674
52,1084,8192,640,640,128,128,16,512,1,1,4,2,16,4,2,4,0,"[128, 128, 0]","[2, 4, 0]","[0, 0, 16]",True,True,True,hip://2,1079,True,132.83,184.0,1.38519,934
1523,1085,8192,640,640,16,128,2,128,1,1,1,2,16,4,1,4,0,"[16, 128, 0]","[1, 4, 0]","[0, 0, 2]",True,True,True,hip://7,1080,True,133.17,309.67,2.32541,1487
637,1086,8192,640,640,256,32,4,128,1,1,2,1,16,4,8,2,0,"[256, 32, 0]","[8, 2, 0]","[0, 0, 4]",True,True,True,hip://6,1081,True,133.0,218.67,1.64411,1228
335,1087,8192,640,640,256,320,2,256,1,1,4,1,16,4,4,20,0,"[256, 320, 0]","[4, 20, 0]","[0, 0, 2]",True,True,True,hip://5,1082,True,129.17,157.0,1.21548,676
1595,1088,8192,640,640,256,160,5,128,1,1,1,2,16,4,16,5,0,"[256, 160, 0]","[16, 5, 0]","[0, 0, 5]",True,True,True,hip://2,1083,True,132.83,1123.33,8.45671,1712
343,1089,8192,640,640,64,320,10,256,1,1,4,1,16,4,1,20,0,"[64, 320, 0]","[1, 20, 0]","[0, 0, 10]",True,True,True,hip://7,1084,True,133.17,553.33,4.15519,1650
755,1090,8192,640,640,32,160,10,64,1,1,1,1,16,4,2,10,0,"[32, 160, 0]","[2, 10, 0]","[0, 0, 10]",True,True,True,hip://6,1085,True,133.0,189.0,1.42105,991
524,1091,8192,640,640,32,128,4,512,1,1,1,8,16,4,2,1,0,"[32, 128, 0]","[2, 1, 0]","[0, 0, 4]",True,True,True,hip://5,1086,True,129.17,179.67,1.39097,943
1243,1092,8192,640,640,32,128,16,256,1,1,2,2,16,4,1,4,0,"[32, 128, 0]","[1, 4, 0]","[0, 0, 16]",True,True,True,hip://2,1087,True,132.83,118.67,0.89335,87
446,1093,8192,640,640,128,80,5,256,1,1,4,1,16,4,2,5,0,"[128, 80, 0]","[2, 5, 0]","[0, 0, 5]",True,True,True,hip://7,1088,True,133.17,140.33,1.05382,347
1771,1094,8192,640,640,64,128,8,256,1,1,1,4,16,4,4,2,0,"[64, 128, 0]","[4, 2, 0]","[0, 0, 8]",True,True,True,hip://5,1089,True,129.17,149.33,1.15613,564
1384,1095,8192,640,640,32,32,32,256,1,1,2,2,16,4,1,1,0,"[32, 32, 0]","[1, 1, 0]","[0, 0, 32]",True,True,True,hip://6,1090,True,133.0,126.67,0.95238,187
258,1096,8192,640,640,512,80,2,128,1,1,2,1,16,4,16,5,0,"[512, 80, 0]","[16, 5, 0]","[0, 0, 2]",True,True,True,hip://2,1091,True,132.83,156.33,1.17691,606
1431,1097,8192,640,640,256,160,8,256,1,1,2,2,16,4,8,5,0,"[256, 160, 0]","[8, 5, 0]","[0, 0, 8]",True,True,True,hip://7,1092,True,133.17,456.67,3.42929,1627
1167,1098,8192,640,640,128,32,1,128,1,1,2,1,16,4,4,2,0,"[128, 32, 0]","[4, 2, 0]","[0, 0, 1]",True,True,True,hip://5,1093,True,129.17,187.0,1.44774,1020
41,1099,8192,640,640,128,320,5,512,1,1,2,4,16,4,4,5,0,"[128, 320, 0]","[4, 5, 0]","[0, 0, 5]",True,True,True,hip://6,1094,True,133.0,226.33,1.70175,1268
1318,1100,8192,640,640,64,32,40,128,1,1,2,1,16,4,2,2,0,"[64, 32, 0]","[2, 2, 0]","[0, 0, 40]",True,True,True,hip://2,1095,True,132.83,205.0,1.54329,1140
1700,1101,8192,640,640,32,80,20,320,1,1,1,5,16,4,2,1,0,"[32, 80, 0]","[2, 1, 0]","[0, 0, 20]",True,True,True,hip://7,1096,True,133.17,188.0,1.41176,976
63,1102,8192,640,640,128,64,8,512,1,1,4,2,16,4,2,2,0,"[128, 64, 0]","[2, 2, 0]","[0, 0, 8]",True,True,True,hip://5,1097,True,129.17,145.0,1.12258,491
82,1103,8192,640,640,128,160,1,256,1,1,2,2,16,4,4,5,0,"[128, 160, 0]","[4, 5, 0]","[0, 0, 1]",True,True,True,hip://6,1098,True,133.0,121.0,0.90977,111
1718,1104,8192,640,640,16,128,1,256,1,1,1,4,16,4,1,2,0,"[16, 128, 0]","[1, 2, 0]","[0, 0, 1]",True,True,True,hip://2,1099,True,132.83,133.67,1.00627,276
459,1105,8192,640,640,256,320,2,256,1,1,2,2,16,4,8,10,0,"[256, 320, 0]","[8, 10, 0]","[0, 0, 2]",True,True,True,hip://7,1100,True,133.17,328.33,2.46558,1521
1694,1106,8192,640,640,64,80,20,320,1,1,1,5,16,4,4,1,0,"[64, 80, 0]","[4, 1, 0]","[0, 0, 20]",True,True,True,hip://5,1101,True,129.17,806.0,6.24,1698
106,1107,8192,640,640,128,64,20,256,1,1,2,2,16,4,4,2,0,"[128, 64, 0]","[4, 2, 0]","[0, 0, 20]",True,True,True,hip://6,1102,True,133.0,153.0,1.15038,554
1545,1108,8192,640,640,32,128,16,128,1,1,1,2,16,4,2,4,0,"[32, 128, 0]","[2, 4, 0]","[0, 0, 16]",True,True,True,hip://2,1103,True,132.83,137.33,1.03388,317
1613,1109,8192,640,640,256,320,1,256,1,1,1,4,16,4,16,5,0,"[256, 320, 0]","[16, 5, 0]","[0, 0, 1]",True,True,True,hip://7,1104,True,133.17,185.67,1.39424,949
1320,1110,8192,640,640,64,32,20,128,1,1,2,1,16,4,2,2,0,"[64, 32, 0]","[2, 2, 0]","[0, 0, 20]",True,True,True,hip://5,1105,True,129.17,1206.67,9.34194,1719
1755,1111,8192,640,640,16,128,10,256,1,1,1,4,16,4,1,2,0,"[16, 128, 0]","[1, 2, 0]","[0, 0, 10]",True,True,True,hip://6,1106,True,133.0,127.67,0.9599,197
516,1112,8192,640,640,64,320,4,256,1,1,1,4,16,4,4,5,0,"[64, 320, 0]","[4, 5, 0]","[0, 0, 4]",True,True,True,hip://2,1107,True,132.83,122.33,0.92095,132
863,1113,8192,640,640,256,80,8,64,1,1,1,1,16,4,16,5,0,"[256, 80, 0]","[16, 5, 0]","[0, 0, 8]",True,True,True,hip://7,1108,True,133.17,118.0,0.88611,70
1744,1114,8192,640,640,64,320,10,256,1,1,1,4,16,4,4,5,0,"[64, 320, 0]","[4, 5, 0]","[0, 0, 10]",True,True,True,hip://5,1109,True,129.17,753.33,5.83226,1692
1120,1115,8192,640,640,256,320,1,640,1,1,1,10,16,4,16,2,0,"[256, 320, 0]","[16, 2, 0]","[0, 0, 1]",True,True,True,hip://6,1110,True,133.0,186.67,1.40351,968
691,1116,8192,640,640,128,64,20,512,1,1,8,1,16,4,1,4,0,"[128, 64, 0]","[1, 4, 0]","[0, 0, 20]",True,True,True,hip://2,1111,True,132.83,321.0,2.41656,1507
669,1117,8192,640,640,256,80,5,512,1,1,8,1,16,4,2,5,0,"[256, 80, 0]","[2, 5, 0]","[0, 0, 5]",True,True,True,hip://7,1112,True,133.17,164.0,1.23154,699
1483,1118,8192,640,640,512,64,2,128,1,1,1,2,16,4,32,2,0,"[512, 64, 0]","[32, 2, 0]","[0, 0, 2]",True,True,True,hip://5,1113,True,129.17,148.33,1.14839,549
1587,1119,8192,640,640,64,160,8,128,1,1,1,2,16,4,4,5,0,"[64, 160, 0]","[4, 5, 0]","[0, 0, 8]",True,True,True,hip://6,1114,True,133.0,291.67,2.19298,1452
670,1120,8192,640,640,256,80,1,512,1,1,8,1,16,4,2,5,0,"[256, 80, 0]","[2, 5, 0]","[0, 0, 1]",True,True,True,hip://2,1115,True,132.83,111.0,0.83563,18
1257,1121,8192,640,640,32,128,1,512,1,1,2,4,16,4,1,2,0,"[32, 128, 0]","[1, 2, 0]","[0, 0, 1]",True,True,True,hip://7,1116,True,133.17,140.67,1.05632,354
532,1122,8192,640,640,256,128,4,512,1,1,1,8,16,4,16,1,0,"[256, 128, 0]","[16, 1, 0]","[0, 0, 4]",True,True,True,hip://5,1117,True,129.17,236.0,1.8271,1331
1782,1123,8192,640,640,32,128,16,512,1,1,1,8,16,4,2,1,0,"[32, 128, 0]","[2, 1, 0]","[0, 0, 16]",True,True,True,hip://6,1118,True,133.0,154.67,1.16291,578
372,1124,8192,640,640,64,16,2,256,1,1,4,1,16,4,1,1,0,"[64, 16, 0]","[1, 1, 0]","[0, 0, 2]",True,True,True,hip://2,1119,True,132.83,131.0,0.9862,235
945,1125,8192,640,640,16,160,16,64,1,1,1,1,16,4,1,10,0,"[16, 160, 0]","[1, 10, 0]","[0, 0, 16]",True,True,True,hip://7,1120,True,133.17,202.33,1.5194,1119
277,1126,8192,640,640,512,320,1,512,1,1,8,1,16,4,4,20,0,"[512, 320, 0]","[4, 20, 0]","[0, 0, 1]",True,True,True,hip://5,1121,True,129.17,386.33,2.99097,1603
1682,1127,8192,640,640,256,320,1,320,1,1,1,5,16,4,16,4,0,"[256, 320, 0]","[16, 4, 0]","[0, 0, 1]",True,True,True,hip://6,1122,True,133.0,2473.33,18.59649,1773
171,1128,8192,640,640,64,64,16,512,1,1,4,2,16,4,1,2,0,"[64, 64, 0]","[1, 2, 0]","[0, 0, 16]",True,True,True,hip://2,1123,True,132.83,624.0,4.69762,1668
1763,1129,8192,640,640,32,64,16,256,1,1,1,4,16,4,2,1,0,"[32, 64, 0]","[2, 1, 0]","[0, 0, 16]",True,True,True,hip://7,1124,True,133.17,125.67,0.94368,175
806,1130,8192,640,640,256,80,1,256,1,1,4,1,16,4,4,5,0,"[256, 80, 0]","[4, 5, 0]","[0, 0, 1]",True,True,True,hip://5,1125,True,129.17,116.0,0.89806,95
55,1131,8192,640,640,128,32,20,512,1,1,4,2,16,4,2,1,0,"[128, 32, 0]","[2, 1, 0]","[0, 0, 20]",True,True,True,hip://6,1126,True,133.0,138.67,1.04261,331
1726,1132,8192,640,640,64,128,2,64,1,1,1,1,16,4,4,8,0,"[64, 128, 0]","[4, 8, 0]","[0, 0, 2]",True,True,True,hip://2,1127,True,132.83,156.33,1.17691,607
1348,1133,8192,640,640,64,160,8,256,1,1,2,2,16,4,2,5,0,"[64, 160, 0]","[2, 5, 0]","[0, 0, 8]",True,True,True,hip://7,1128,True,133.17,230.0,1.72716,1281
957,1134,8192,640,640,128,80,2,64,1,1,1,1,16,4,8,5,0,"[128, 80, 0]","[8, 5, 0]","[0, 0, 2]",True,True,True,hip://5,1129,True,129.17,110.33,0.85419,31
1592,1135,8192,640,640,64,64,5,128,1,1,1,2,16,4,4,2,0,"[64, 64, 0]","[4, 2, 0]","[0, 0, 5]",True,True,True,hip://6,1130,True,133.0,230.0,1.72932,1282
828,1136,8192,640,640,256,160,1,128,1,1,2,1,16,4,8,10,0,"[256, 160, 0]","[8, 10, 0]","[0, 0, 1]",True,True,True,hip://2,1131,True,132.83,165.0,1.24216,717
688,1137,8192,640,640,256,64,1,512,1,1,8,1,16,4,2,4,0,"[256, 64, 0]","[2, 4, 0]","[0, 0, 1]",True,True,True,hip://7,1132,True,133.17,1133.33,8.51064,1713
796,1138,8192,640,640,128,64,10,128,1,1,2,1,16,4,4,4,0,"[128, 64, 0]","[4, 4, 0]","[0, 0, 10]",True,True,True,hip://5,1133,True,129.17,195.0,1.50968,1104
59,1139,8192,640,640,128,32,5,512,1,1,4,2,16,4,2,1,0,"[128, 32, 0]","[2, 1, 0]","[0, 0, 5]",True,True,True,hip://6,1134,True,133.0,151.33,1.13784,525
1527,1140,8192,640,640,64,320,2,128,1,1,1,2,16,4,4,10,0,"[64, 320, 0]","[4, 10, 0]","[0, 0, 2]",True,True,True,hip://2,1135,True,132.83,164.67,1.23965,712
892,1141,8192,640,640,64,16,32,64,1,1,1,1,16,4,4,1,0,"[64, 16, 0]","[4, 1, 0]","[0, 0, 32]",True,True,True,hip://7,1136,True,133.17,168.33,1.26408,752
558,1142,8192,640,640,64,16,4,64,1,1,1,1,16,4,4,1,0,"[64, 16, 0]","[4, 1, 0]","[0, 0, 4]",True,True,True,hip://5,1137,True,129.17,328.67,2.54452,1540
1678,1143,8192,640,640,512,160,2,320,1,1,1,5,16,4,32,2,0,"[512, 160, 0]","[32, 2, 0]","[0, 0, 2]",True,True,True,hip://6,1138,True,133.0,156.67,1.17794,609
999,1144,8192,640,640,256,32,8,256,1,1,2,2,16,4,8,1,0,"[256, 32, 0]","[8, 1, 0]","[0, 0, 8]",True,True,True,hip://2,1139,True,132.83,576.67,4.34128,1660
1562,1145,8192,640,640,32,64,20,128,1,1,1,2,16,4,2,2,0,"[32, 64, 0]","[2, 2, 0]","[0, 0, 20]",True,True,True,hip://7,1140,True,133.17,159.67,1.199,642
1118,1146,8192,640,640,256,320,5,640,1,1,1,10,16,4,16,2,0,"[256, 320, 0]","[16, 2, 0]","[0, 0, 5]",True,True,True,hip://5,1141,True,129.17,120.67,0.93419,158
1276,1147,8192,640,640,32,128,20,128,1,1,2,1,16,4,1,8,0,"[32, 128, 0]","[1, 8, 0]","[0, 0, 20]",True,True,True,hip://6,1142,True,133.0,355.67,2.67419,1565
1441,1148,8192,640,640,32,160,16,256,1,1,2,2,16,4,1,5,0,"[32, 160, 0]","[1, 5, 0]","[0, 0, 16]",True,True,True,hip://2,1143,True,132.83,201.33,1.51568,1113
798,1149,8192,640,640,64,64,10,128,1,1,2,1,16,4,2,4,0,"[64, 64, 0]","[2, 4, 0]","[0, 0, 10]",True,True,True,hip://7,1144,True,133.17,138.33,1.0388,326
1629,1150,8192,640,640,64,160,5,64,1,1,1,1,16,4,4,10,0,"[64, 160, 0]","[4, 10, 0]","[0, 0, 5]",True,True,True,hip://5,1145,True,129.17,138.0,1.06839,379
720,1151,8192,640,640,128,80,8,512,1,1,8,1,16,4,1,5,0,"[128, 80, 0]","[1, 5, 0]","[0, 0, 8]",True,True,True,hip://6,1146,True,133.0,278.0,2.09023,1420
12,1152,8192,640,640,256,160,1,640,1,1,2,5,16,4,8,2,0,"[256, 160, 0]","[8, 2, 0]","[0, 0, 1]",True,True,True,hip://2,1147,True,132.83,124.33,0.93601,162
1463,1153,8192,640,640,32,64,1,512,1,1,2,4,16,4,1,1,0,"[32, 64, 0]","[1, 1, 0]","[0, 0, 1]",True,True,True,hip://7,1148,True,133.17,200.33,1.50438,1099
779,1154,8192,640,640,16,80,10,64,1,1,1,1,16,4,1,5,0,"[16, 80, 0]","[1, 5, 0]","[0, 0, 10]",True,True,True,hip://5,1149,True,129.17,285.0,2.20645,1458
40,1155,8192,640,640,128,320,1,512,1,1,2,4,16,4,4,5,0,"[128, 320, 0]","[4, 5, 0]","[0, 0, 1]",True,True,True,hip://6,1150,True,133.0,421.33,3.16792,1618
797,1156,8192,640,640,128,32,10,128,1,1,2,1,16,4,4,2,0,"[128, 32, 0]","[4, 2, 0]","[0, 0, 10]",True,True,True,hip://2,1151,True,132.83,182.67,1.37516,920
860,1157,8192,640,640,256,80,5,64,1,1,1,1,16,4,16,5,0,"[256, 80, 0]","[16, 5, 0]","[0, 0, 5]",True,True,True,hip://7,1152,True,133.17,197.67,1.48436,1074
423,1158,8192,640,640,128,16,5,256,1,1,4,1,16,4,2,1,0,"[128, 16, 0]","[2, 1, 0]","[0, 0, 5]",True,True,True,hip://5,1153,True,129.17,535.0,4.14194,1648
127,1159,8192,640,640,128,128,4,128,1,1,1,2,16,4,8,4,0,"[128, 128, 0]","[8, 4, 0]","[0, 0, 4]",True,True,True,hip://6,1154,True,133.0,175.33,1.3183,840
851,1160,8192,640,640,256,32,5,64,1,1,1,1,16,4,16,2,0,"[256, 32, 0]","[16, 2, 0]","[0, 0, 5]",True,True,True,hip://2,1155,True,132.83,217.67,1.63864,1223
954,1161,8192,640,640,128,320,8,64,1,1,1,1,16,4,8,20,0,"[128, 320, 0]","[8, 20, 0]","[0, 0, 8]",True,True,True,hip://7,1156,True,133.17,568.33,4.26783,1655
1111,1162,8192,640,640,32,160,16,640,1,1,1,10,16,4,2,1,0,"[32, 160, 0]","[2, 1, 0]","[0, 0, 16]",True,True,True,hip://5,1157,True,129.17,2333.33,18.06452,1770
677,1163,8192,640,640,256,16,2,512,1,1,8,1,16,4,2,1,0,"[256, 16, 0]","[2, 1, 0]","[0, 0, 2]",True,True,True,hip://6,1158,True,133.0,133.0,1.0,262
834,1164,8192,640,640,256,160,5,128,1,1,2,1,16,4,8,10,0,"[256, 160, 0]","[8, 10, 0]","[0, 0, 5]",True,True,True,hip://2,1159,True,132.83,198.33,1.4931,1085
849,1165,8192,640,640,256,64,1,64,1,1,1,1,16,4,16,4,0,"[256, 64, 0]","[16, 4, 0]","[0, 0, 1]",True,True,True,hip://7,1160,True,133.17,503.0,3.77722,1639
1569,1166,8192,640,640,64,64,2,128,1,1,1,2,16,4,4,2,0,"[64, 64, 0]","[4, 2, 0]","[0, 0, 2]",True,True,True,hip://5,1161,True,129.17,768.67,5.95097,1693
1585,1167,8192,640,640,32,160,8,128,1,1,1,2,16,4,2,5,0,"[32, 160, 0]","[2, 5, 0]","[0, 0, 8]",True,True,True,hip://6,1162,True,133.0,131.33,0.98747,237
312,1168,8192,640,640,512,64,4,64,1,1,1,1,16,4,32,4,0,"[512, 64, 0]","[32, 4, 0]","[0, 0, 4]",True,True,True,hip://2,1163,True,132.83,118.33,0.89084,79
784,1169,8192,640,640,32,32,10,128,1,1,2,1,16,4,1,2,0,"[32, 32, 0]","[1, 2, 0]","[0, 0, 10]",True,True,True,hip://7,1164,True,133.17,2086.67,15.66959,1759
473,1170,8192,640,640,32,320,4,256,1,1,2,2,16,4,1,10,0,"[32, 320, 0]","[1, 10, 0]","[0, 0, 4]",True,True,True,hip://5,1165,True,129.17,167.33,1.29548,798
308,1171,8192,640,640,512,128,4,64,1,1,1,1,16,4,32,8,0,"[512, 128, 0]","[32, 8, 0]","[0, 0, 4]",True,True,True,hip://6,1166,True,133.0,124.0,0.93233,156
1677,1172,8192,640,640,256,160,8,320,1,1,1,5,16,4,16,2,0,"[256, 160, 0]","[16, 2, 0]","[0, 0, 8]",True,True,True,hip://2,1167,True,132.83,6060.0,45.62108,1808
165,1173,8192,640,640,64,32,32,512,1,1,4,2,16,4,1,1,0,"[64, 32, 0]","[1, 1, 0]","[0, 0, 32]",True,True,True,hip://7,1168,True,133.17,270.67,2.03254,1403
1106,1174,8192,640,640,32,160,5,640,1,1,1,10,16,4,2,1,0,"[32, 160, 0]","[2, 1, 0]","[0, 0, 5]",True,True,True,hip://5,1169,True,129.17,125.0,0.96774,202
654,1175,8192,640,640,256,160,4,512,1,1,8,1,16,4,2,10,0,"[256, 160, 0]","[2, 10, 0]","[0, 0, 4]",True,True,True,hip://6,1170,True,133.0,173.67,1.30576,818
687,1176,8192,640,640,256,320,5,512,1,1,8,1,16,4,2,20,0,"[256, 320, 0]","[2, 20, 0]","[0, 0, 5]",True,True,True,hip://2,1171,True,132.83,196.33,1.47804,1061
556,1177,8192,640,640,16,16,4,64,1,1,1,1,16,4,1,1,0,"[16, 16, 0]","[1, 1, 0]","[0, 0, 4]",True,True,True,hip://7,1172,True,133.17,321.33,2.41302,1506
480,1178,8192,640,640,16,320,2,128,1,1,1,2,16,4,1,10,0,"[16, 320, 0]","[1, 10, 0]","[0, 0, 2]",True,True,True,hip://5,1173,True,129.17,165.0,1.27742,777
585,1179,8192,640,640,256,64,4,128,1,1,1,2,16,4,16,2,0,"[256, 64, 0]","[16, 2, 0]","[0, 0, 4]",True,True,True,hip://2,1174,True,132.83,203.67,1.53325,1128
158,1180,8192,640,640,64,128,8,512,1,1,4,2,16,4,1,4,0,"[64, 128, 0]","[1, 4, 0]","[0, 0, 8]",True,True,True,hip://6,1175,True,133.0,151.33,1.13784,526
900,1181,8192,640,640,16,16,8,64,1,1,1,1,16,4,1,1,0,"[16, 16, 0]","[1, 1, 0]","[0, 0, 8]",True,True,True,hip://7,1176,True,133.17,122.67,0.92115,134
562,1182,8192,640,640,128,80,4,64,1,1,1,1,16,4,8,5,0,"[128, 80, 0]","[8, 5, 0]","[0, 0, 4]",True,True,True,hip://5,1177,True,129.17,129.33,1.00129,266
489,1183,8192,640,640,256,320,2,128,1,1,1,2,16,4,16,10,0,"[256, 320, 0]","[16, 10, 0]","[0, 0, 2]",True,True,True,hip://2,1178,True,132.83,173.33,1.30489,816
992,1184,8192,640,640,256,128,1,512,1,1,1,8,16,4,16,1,0,"[256, 128, 0]","[16, 1, 0]","[0, 0, 1]",True,True,True,hip://6,1179,True,133.0,3453.33,25.96491,1793
1067,1185,8192,640,640,256,64,1,256,1,1,2,2,16,4,8,2,0,"[256, 64, 0]","[8, 2, 0]","[0, 0, 1]",True,True,True,hip://7,1180,True,133.17,177.67,1.33417,865
567,1186,8192,640,640,128,64,4,64,1,1,1,1,16,4,8,4,0,"[128, 64, 0]","[8, 4, 0]","[0, 0, 4]",True,True,True,hip://5,1181,True,129.17,189.33,1.46581,1045
506,1187,8192,640,640,64,320,4,640,1,1,1,10,16,4,4,2,0,"[64, 320, 0]","[4, 2, 0]","[0, 0, 4]",True,True,True,hip://2,1182,True,132.83,140.0,1.05395,350
530,1188,8192,640,640,128,160,4,640,1,1,1,10,16,4,8,1,0,"[128, 160, 0]","[8, 1, 0]","[0, 0, 4]",True,True,True,hip://6,1183,True,133.0,121.0,0.90977,112
921,1189,8192,640,640,16,160,1,64,1,1,1,1,16,4,1,10,0,"[16, 160, 0]","[1, 10, 0]","[0, 0, 1]",True,True,True,hip://7,1184,True,133.17,119.33,0.89612,91
972,1190,8192,640,640,512,160,5,640,1,1,2,5,16,4,16,2,0,"[512, 160, 0]","[16, 2, 0]","[0, 0, 5]",True,True,True,hip://5,1185,True,129.17,300.67,2.32774,1488
325,1191,8192,640,640,512,160,5,256,1,1,4,1,16,4,8,10,0,"[512, 160, 0]","[8, 10, 0]","[0, 0, 5]",True,True,True,hip://2,1186,True,132.83,388.33,2.92346,1595
913,1192,8192,640,640,16,160,8,64,1,1,1,1,16,4,1,10,0,"[16, 160, 0]","[1, 10, 0]","[0, 0, 8]",True,True,True,hip://6,1187,True,133.0,560.0,4.21053,1653
1401,1193,8192,640,640,32,320,1,128,1,1,2,1,16,4,1,20,0,"[32, 320, 0]","[1, 20, 0]","[0, 0, 1]",True,True,True,hip://7,1188,True,133.17,202.0,1.5169,1114
873,1194,8192,640,640,128,16,1,64,1,1,1,1,16,4,8,1,0,"[128, 16, 0]","[8, 1, 0]","[0, 0, 1]",True,True,True,hip://5,1189,True,129.17,267.67,2.07226,1409
1033,1195,8192,640,640,32,128,1,512,1,1,1,8,16,4,2,1,0,"[32, 128, 0]","[2, 1, 0]","[0, 0, 1]",True,True,True,hip://6,1190,True,133.0,354.67,2.66667,1562
906,1196,8192,640,640,16,80,2,64,1,1,1,1,16,4,1,5,0,"[16, 80, 0]","[1, 5, 0]","[0, 0, 2]",True,True,True,hip://2,1191,True,132.83,242.0,1.82183,1329
649,1197,8192,640,640,64,80,4,128,1,1,2,1,16,4,2,5,0,"[64, 80, 0]","[2, 5, 0]","[0, 0, 4]",True,True,True,hip://7,1192,True,133.17,187.0,1.40426,971
1144,1198,8192,640,640,128,128,4,512,1,1,2,4,16,4,4,2,0,"[128, 128, 0]","[4, 2, 0]","[0, 0, 4]",True,True,True,hip://5,1193,True,129.17,137.67,1.06581,374
1461,1199,8192,640,640,32,64,1,256,1,1,2,2,16,4,1,2,0,"[32, 64, 0]","[1, 2, 0]","[0, 0, 1]",True,True,True,hip://2,1194,True,132.83,137.67,1.03639,321
1796,1200,8192,640,640,64,64,8,64,1,1,1,1,16,4,4,4,0,"[64, 64, 0]","[4, 4, 0]","[0, 0, 8]",True,True,True,hip://6,1195,True,133.0,249.67,1.87719,1357
273,1201,8192,640,640,512,16,4,128,1,1,2,1,16,4,16,1,0,"[512, 16, 0]","[16, 1, 0]","[0, 0, 4]",True,True,True,hip://7,1196,True,133.17,148.33,1.11389,469
934,1202,8192,640,640,16,64,40,64,1,1,1,1,16,4,1,4,0,"[16, 64, 0]","[1, 4, 0]","[0, 0, 40]",True,True,True,hip://5,1197,True,129.17,273.33,2.11613,1425
248,1203,8192,640,640,512,320,2,512,1,1,8,1,16,4,4,20,0,"[512, 320, 0]","[4, 20, 0]","[0, 0, 2]",True,True,True,hip://2,1198,True,132.83,382.67,2.8808,1588
510,1204,8192,640,640,32,320,4,320,1,1,1,5,16,4,2,4,0,"[32, 320, 0]","[2, 4, 0]","[0, 0, 4]",True,True,True,hip://6,1199,True,133.0,1880.0,14.13534,1746
1141,1205,8192,640,640,128,160,5,128,1,1,2,1,16,4,4,10,0,"[128, 160, 0]","[4, 10, 0]","[0, 0, 5]",True,True,True,hip://7,1200,True,133.17,149.0,1.1189,478
1465,1206,8192,640,640,32,160,5,256,1,1,2,2,16,4,1,5,0,"[32, 160, 0]","[1, 5, 0]","[0, 0, 5]",True,True,True,hip://5,1201,True,129.17,231.67,1.79355,1315
951,1207,8192,640,640,128,320,1,64,1,1,1,1,16,4,8,20,0,"[128, 320, 0]","[8, 20, 0]","[0, 0, 1]",True,True,True,hip://2,1202,True,132.83,164.67,1.23965,713
1060,1208,8192,640,640,32,160,8,640,1,1,2,5,16,4,1,2,0,"[32, 160, 0]","[1, 2, 0]","[0, 0, 8]",True,True,True,hip://6,1203,True,133.0,5803.33,43.63409,1805
360,1209,8192,640,640,64,128,1,256,1,1,4,1,16,4,1,8,0,"[64, 128, 0]","[1, 8, 0]","[0, 0, 1]",True,True,True,hip://7,1204,True,133.17,127.67,0.9587,196
448,1210,8192,640,640,512,80,5,640,1,1,2,5,16,4,16,1,0,"[512, 80, 0]","[16, 1, 0]","[0, 0, 5]",True,True,True,hip://5,1205,True,129.17,181.33,1.40387,970
870,1211,8192,640,640,256,16,2,64,1,1,1,1,16,4,16,1,0,"[256, 16, 0]","[16, 1, 0]","[0, 0, 2]",True,True,True,hip://6,1206,True,133.0,211.33,1.58897,1184
218,1212,8192,640,640,256,32,8,512,1,1,4,2,16,4,4,1,0,"[256, 32, 0]","[4, 1, 0]","[0, 0, 8]",True,True,True,hip://2,1207,True,132.83,248.67,1.87202,1351
11,1213,8192,640,640,512,160,1,640,1,1,2,5,16,4,16,2,0,"[512, 160, 0]","[16, 2, 0]","[0, 0, 1]",True,True,True,hip://7,1208,True,133.17,149.0,1.1189,479
302,1214,8192,640,640,512,320,4,64,1,1,1,1,16,4,32,20,0,"[512, 320, 0]","[32, 20, 0]","[0, 0, 4]",True,True,True,hip://5,1209,True,129.17,334.33,2.58839,1549
499,1215,8192,640,640,128,320,4,640,1,1,1,10,16,4,8,2,0,"[128, 320, 0]","[8, 2, 0]","[0, 0, 4]",True,False,False,,,False,,,,
1303,1216,8192,640,640,32,320,2,512,1,1,2,4,16,4,1,5,0,"[32, 320, 0]","[1, 5, 0]","[0, 0, 2]",True,True,True,hip://6,1210,True,133.0,175.33,1.3183,841
1012,1217,8192,640,640,64,320,10,640,1,1,2,5,16,4,2,4,0,"[64, 320, 0]","[2, 4, 0]","[0, 0, 10]",True,True,True,hip://2,1211,True,132.83,184.67,1.39021,941
786,1218,8192,640,640,32,160,10,128,1,1,2,1,16,4,1,10,0,"[32, 160, 0]","[1, 10, 0]","[0, 0, 10]",True,True,True,hip://7,1212,True,133.17,129.67,0.97372,216
398,1219,8192,640,640,64,80,5,256,1,1,4,1,16,4,1,5,0,"[64, 80, 0]","[1, 5, 0]","[0, 0, 5]",True,True,True,hip://5,1213,True,129.17,269.33,2.08516,1417
1178,1220,8192,640,640,128,128,1,256,1,1,1,4,16,4,8,2,0,"[128, 128, 0]","[8, 2, 0]","[0, 0, 1]",True,True,True,hip://6,1214,True,133.0,135.67,1.02005,295
848,1221,8192,640,640,256,64,5,64,1,1,1,1,16,4,16,4,0,"[256, 64, 0]","[16, 4, 0]","[0, 0, 5]",True,True,True,hip://2,1215,True,132.83,165.0,1.24216,718
932,1222,8192,640,640,16,64,20,64,1,1,1,1,16,4,1,4,0,"[16, 64, 0]","[1, 4, 0]","[0, 0, 20]",True,True,True,hip://7,1216,True,133.17,400.33,3.00626,1606
149,1223,8192,640,640,64,320,8,512,1,1,4,2,16,4,1,10,0,"[64, 320, 0]","[1, 10, 0]","[0, 0, 8]",True,True,True,hip://5,1217,True,129.17,196.33,1.52,1121
1619,1224,8192,640,640,512,64,1,256,1,1,1,4,16,4,32,1,0,"[512, 64, 0]","[32, 1, 0]","[0, 0, 1]",True,True,True,hip://6,1218,True,133.0,119.33,0.89724,93
1724,1225,8192,640,640,64,64,2,256,1,1,1,4,16,4,4,1,0,"[64, 64, 0]","[4, 1, 0]","[0, 0, 2]",True,True,True,hip://2,1219,True,132.83,212.0,1.59598,1187
94,1226,8192,640,640,128,32,1,256,1,1,2,2,16,4,4,1,0,"[128, 32, 0]","[4, 1, 0]","[0, 0, 1]",True,True,True,hip://7,1220,True,133.17,142.67,1.07134,387
1577,1227,8192,640,640,16,160,16,128,1,1,1,2,16,4,1,5,0,"[16, 160, 0]","[1, 5, 0]","[0, 0, 16]",True,True,True,hip://5,1221,True,129.17,224.33,1.73677,1287
301,1228,8192,640,640,512,32,1,128,1,1,2,1,16,4,16,2,0,"[512, 32, 0]","[16, 2, 0]","[0, 0, 1]",True,True,True,hip://6,1222,True,133.0,205.0,1.54135,1137
1625,1229,8192,640,640,256,64,5,256,1,1,1,4,16,4,16,1,0,"[256, 64, 0]","[16, 1, 0]","[0, 0, 5]",True,True,True,hip://2,1223,True,132.83,290.33,2.1857,1450
1570,1230,8192,640,640,64,64,8,128,1,1,1,2,16,4,4,2,0,"[64, 64, 0]","[4, 2, 0]","[0, 0, 8]",True,True,True,hip://7,1224,True,133.17,182.67,1.37171,917
635,1231,8192,640,640,256,80,4,128,1,1,2,1,16,4,8,5,0,"[256, 80, 0]","[8, 5, 0]","[0, 0, 4]",True,True,True,hip://5,1225,True,129.17,131.67,1.01935,294
1451,1232,8192,640,640,32,64,16,512,1,1,2,4,16,4,1,1,0,"[32, 64, 0]","[1, 1, 0]","[0, 0, 16]",True,True,True,hip://6,1226,True,133.0,210.33,1.58145,1176
1497,1233,8192,640,640,16,32,2,128,1,1,1,2,16,4,1,1,0,"[16, 32, 0]","[1, 1, 0]","[0, 0, 2]",True,True,True,hip://2,1227,True,132.83,106.33,0.8005,7
686,1234,8192,640,640,256,320,2,512,1,1,8,1,16,4,2,20,0,"[256, 320, 0]","[2, 20, 0]","[0, 0, 2]",True,True,True,hip://7,1228,True,133.17,233.33,1.75219,1296
1055,1235,8192,640,640,256,64,8,256,1,1,2,2,16,4,8,2,0,"[256, 64, 0]","[8, 2, 0]","[0, 0, 8]",True,True,True,hip://5,1229,True,129.17,350.33,2.71226,1569
581,1236,8192,640,640,512,32,4,128,1,1,1,2,16,4,32,1,0,"[512, 32, 0]","[32, 1, 0]","[0, 0, 4]",True,True,True,hip://6,1230,True,133.0,172.33,1.29574,802
173,1237,8192,640,640,64,64,32,512,1,1,4,2,16,4,1,2,0,"[64, 64, 0]","[1, 2, 0]","[0, 0, 32]",True,True,True,hip://2,1231,True,132.83,374.33,2.81807,1582
347,1238,8192,640,640,128,320,4,256,1,1,4,1,16,4,2,20,0,"[128, 320, 0]","[2, 20, 0]","[0, 0, 4]",True,True,True,hip://7,1232,True,133.17,363.0,2.72591,1570
969,1239,8192,640,640,256,320,1,640,1,1,2,5,16,4,8,4,0,"[256, 320, 0]","[8, 4, 0]","[0, 0, 1]",True,True,True,hip://5,1233,True,129.17,251.0,1.94323,1376
1046,1240,8192,640,640,64,320,1,640,1,1,2,5,16,4,2,4,0,"[64, 320, 0]","[2, 4, 0]","[0, 0, 1]",True,True,True,hip://6,1234,True,133.0,323.33,2.43108,1511
1519,1241,8192,640,640,32,32,5,128,1,1,1,2,16,4,2,1,0,"[32, 32, 0]","[2, 1, 0]","[0, 0, 5]",True,True,True,hip://2,1235,True,132.83,145.33,1.0941,432
905,1242,8192,640,640,16,320,2,64,1,1,1,1,16,4,1,20,0,"[16, 320, 0]","[1, 20, 0]","[0, 0, 2]",True,True,True,hip://7,1236,True,133.17,171.33,1.28661,786
1363,1243,8192,640,640,64,80,8,128,1,1,2,1,16,4,2,5,0,"[64, 80, 0]","[2, 5, 0]","[0, 0, 8]",True,True,True,hip://5,1237,True,129.17,194.67,1.5071,1101
952,1244,8192,640,640,64,320,1,64,1,1,1,1,16,4,4,20,0,"[64, 320, 0]","[4, 20, 0]","[0, 0, 1]",True,True,True,hip://6,1238,True,133.0,136.0,1.02256,298
659,1245,8192,640,640,256,64,4,512,1,1,8,1,16,4,2,4,0,"[256, 64, 0]","[2, 4, 0]","[0, 0, 4]",True,True,True,hip://2,1239,True,132.83,1596.67,12.02008,1739
1712,1246,8192,640,640,64,160,8,320,1,1,1,5,16,4,4,2,0,"[64, 160, 0]","[4, 2, 0]","[0, 0, 8]",True,True,True,hip://7,1240,True,133.17,141.33,1.06133,362
1187,1247,8192,640,640,128,64,20,256,1,1,1,4,16,4,8,1,0,"[128, 64, 0]","[8, 1, 0]","[0, 0, 20]",True,True,True,hip://5,1241,True,129.17,177.0,1.37032,912
1533,1248,8192,640,640,16,128,1,128,1,1,1,2,16,4,1,4,0,"[16, 128, 0]","[1, 4, 0]","[0, 0, 1]",True,True,True,hip://6,1242,True,133.0,150.0,1.12782,503
1697,1249,8192,640,640,64,320,8,320,1,1,1,5,16,4,4,4,0,"[64, 320, 0]","[4, 4, 0]","[0, 0, 8]",True,True,True,hip://2,1243,True,132.83,342.0,2.57465,1547
587,1250,8192,640,640,512,128,4,256,1,1,1,4,16,4,32,2,0,"[512, 128, 0]","[32, 2, 0]","[0, 0, 4]",True,True,True,hip://7,1244,True,133.17,164.33,1.23404,703
622,1251,8192,640,640,128,80,4,128,1,1,2,1,16,4,4,5,0,"[128, 80, 0]","[4, 5, 0]","[0, 0, 4]",True,True,True,hip://5,1245,True,129.17,321.67,2.49032,1527
0,1252,8192,640,640,512,320,1,320,1,1,1,5,16,4,32,4,0,"[512, 320, 0]","[32, 4, 0]","[0, 0, 1]",True,True,True,hip://6,1246,True,133.0,189.67,1.42607,1000
1122,1253,8192,640,640,256,320,2,640,1,1,1,10,16,4,16,2,0,"[256, 320, 0]","[16, 2, 0]","[0, 0, 2]",True,True,True,hip://2,1247,True,132.83,4460.0,33.57591,1798
831,1254,8192,640,640,256,160,2,128,1,1,2,1,16,4,8,10,0,"[256, 160, 0]","[8, 10, 0]","[0, 0, 2]",True,True,True,hip://7,1248,True,133.17,331.0,2.48561,1525
616,1255,8192,640,640,32,80,4,640,1,1,2,5,16,4,1,1,0,"[32, 80, 0]","[1, 1, 0]","[0, 0, 4]",True,True,True,hip://5,1249,True,129.17,1130.0,8.74839,1714
1165,1256,8192,640,640,128,16,2,128,1,1,2,1,16,4,4,1,0,"[128, 16, 0]","[4, 1, 0]","[0, 0, 2]",True,True,True,hip://6,1250,True,133.0,127.0,0.95489,188
356,1257,8192,640,640,64,128,10,256,1,1,4,1,16,4,1,8,0,"[64, 128, 0]","[1, 8, 0]","[0, 0, 10]",True,True,True,hip://2,1251,True,132.83,201.67,1.51819,1116
1487,1258,8192,640,640,256,64,10,128,1,1,1,2,16,4,16,2,0,"[256, 64, 0]","[16, 2, 0]","[0, 0, 10]",True,True,True,hip://7,1252,True,133.17,155.33,1.16646,586
861,1259,8192,640,640,256,160,5,64,1,1,1,1,16,4,16,10,0,"[256, 160, 0]","[16, 10, 0]","[0, 0, 5]",True,True,True,hip://5,1253,True,129.17,276.33,2.13935,1438
1515,1260,8192,640,640,16,32,10,128,1,1,1,2,16,4,1,1,0,"[16, 32, 0]","[1, 1, 0]","[0, 0, 10]",True,True,True,hip://6,1254,True,133.0,2343.33,17.61905,1767
260,1261,8192,640,640,512,64,2,64,1,1,1,1,16,4,32,4,0,"[512, 64, 0]","[32, 4, 0]","[0, 0, 2]",True,True,True,hip://2,1255,True,132.83,192.33,1.44793,1021
1651,1262,8192,640,640,256,160,5,320,1,1,1,5,16,4,16,2,0,"[256, 160, 0]","[16, 2, 0]","[0, 0, 5]",True,True,True,hip://7,1256,True,133.17,1963.33,14.74343,1752
605,1263,8192,640,640,64,128,4,128,1,1,1,2,16,4,4,4,0,"[64, 128, 0]","[4, 4, 0]","[0, 0, 4]",True,True,True,hip://5,1257,True,129.17,265.33,2.05419,1407
1520,1264,8192,640,640,32,32,8,128,1,1,1,2,16,4,2,1,0,"[32, 32, 0]","[2, 1, 0]","[0, 0, 8]",True,True,True,hip://6,1258,True,133.0,140.0,1.05263,342
668,1265,8192,640,640,256,80,8,512,1,1,8,1,16,4,2,5,0,"[256, 80, 0]","[2, 5, 0]","[0, 0, 8]",True,True,True,hip://2,1259,True,132.83,113.33,0.8532,27
836,1266,8192,640,640,256,16,5,256,1,1,4,1,16,4,4,1,0,"[256, 16, 0]","[4, 1, 0]","[0, 0, 5]",True,True,True,hip://7,1260,True,133.17,133.33,1.00125,263
633,1267,8192,640,640,256,160,4,128,1,1,2,1,16,4,8,10,0,"[256, 160, 0]","[8, 10, 0]","[0, 0, 4]",True,True,True,hip://5,1261,True,129.17,161.67,1.25161,734
1038,1268,8192,640,640,32,160,2,640,1,1,2,5,16,4,1,2,0,"[32, 160, 0]","[1, 2, 0]","[0, 0, 2]",True,True,True,hip://6,1262,True,133.0,603.33,4.53634,1664
615,1269,8192,640,640,64,80,4,640,1,1,2,5,16,4,2,1,0,"[64, 80, 0]","[2, 1, 0]","[0, 0, 4]",True,True,True,hip://2,1263,True,132.83,147.0,1.10665,456
1766,1270,8192,640,640,64,64,32,256,1,1,1,4,16,4,4,1,0,"[64, 64, 0]","[4, 1, 0]","[0, 0, 32]",True,True,True,hip://7,1264,True,133.17,124.67,0.93617,163
1289,1271,8192,640,640,512,160,2,256,1,1,2,2,16,4,16,5,0,"[512, 160, 0]","[16, 5, 0]","[0, 0, 2]",True,True,True,hip://5,1265,True,129.17,323.67,2.50581,1530
1553,1272,8192,640,640,16,64,40,128,1,1,1,2,16,4,1,2,0,"[16, 64, 0]","[1, 2, 0]","[0, 0, 40]",True,True,True,hip://6,1266,True,133.0,886.33,6.66416,1702
143,1273,8192,640,640,64,160,1,512,1,1,4,2,16,4,1,5,0,"[64, 160, 0]","[1, 5, 0]","[0, 0, 1]",True,True,True,hip://2,1267,True,132.83,220.33,1.65872,1240
883,1274,8192,640,640,32,16,5,64,1,1,1,1,16,4,2,1,0,"[32, 16, 0]","[2, 1, 0]","[0, 0, 5]",True,True,True,hip://7,1268,True,133.17,151.0,1.13392,514
745,1275,8192,640,640,256,64,10,64,1,1,1,1,16,4,16,4,0,"[256, 64, 0]","[16, 4, 0]","[0, 0, 10]",True,True,True,hip://6,1269,True,133.0,219.67,1.65163,1234
403,1276,8192,640,640,128,128,8,256,1,1,4,1,16,4,2,8,0,"[128, 128, 0]","[2, 8, 0]","[0, 0, 8]",True,True,True,hip://5,1270,True,129.17,918.33,7.10968,1705
1102,1277,8192,640,640,512,160,2,640,1,1,1,10,16,4,32,1,0,"[512, 160, 0]","[32, 1, 0]","[0, 0, 2]",True,True,True,hip://7,1271,True,133.17,152.0,1.14143,533
1064,1278,8192,640,640,32,128,5,512,1,1,1,8,16,4,2,1,0,"[32, 128, 0]","[2, 1, 0]","[0, 0, 5]",True,True,True,hip://2,1272,True,132.83,415.0,3.12422,1615
3,1279,8192,640,640,64,64,2,512,1,1,2,4,16,4,2,1,0,"[64, 64, 0]","[2, 1, 0]","[0, 0, 2]",True,True,True,hip://6,1273,True,133.0,159.67,1.2005,652
1288,1280,8192,640,640,256,64,2,256,1,1,2,2,16,4,8,2,0,"[256, 64, 0]","[8, 2, 0]","[0, 0, 2]",True,True,True,hip://5,1274,True,129.17,142.0,1.09935,439
1548,1281,8192,640,640,32,128,8,128,1,1,1,2,16,4,2,4,0,"[32, 128, 0]","[2, 4, 0]","[0, 0, 8]",True,True,True,hip://7,1275,True,133.17,159.33,1.1965,637
521,1282,8192,640,640,512,128,4,512,1,1,1,8,16,4,32,1,0,"[512, 128, 0]","[32, 1, 0]","[0, 0, 4]",True,True,True,hip://2,1276,True,132.83,162.0,1.21957,683
1514,1283,8192,640,640,16,32,8,128,1,1,1,2,16,4,1,1,0,"[16, 32, 0]","[1, 1, 0]","[0, 0, 8]",True,True,True,hip://6,1277,True,133.0,260.67,1.9599,1382
1541,1284,8192,640,640,64,128,16,128,1,1,1,2,16,4,4,4,0,"[64, 128, 0]","[4, 4, 0]","[0, 0, 16]",True,True,True,hip://5,1278,True,129.17,120.67,0.93419,159
1662,1285,8192,640,640,16,320,1,320,1,1,1,5,16,4,1,4,0,"[16, 320, 0]","[1, 4, 0]","[0, 0, 1]",True,True,True,hip://7,1279,True,133.17,199.33,1.49687,1090
1373,1286,8192,640,640,64,64,32,128,1,1,2,1,16,4,2,4,0,"[64, 64, 0]","[2, 4, 0]","[0, 0, 32]",True,True,True,hip://2,1280,True,132.83,310.0,2.33375,1491
1047,1287,8192,640,640,64,320,8,640,1,1,2,5,16,4,2,4,0,"[64, 320, 0]","[2, 4, 0]","[0, 0, 8]",True,True,True,hip://5,1281,True,129.17,275.67,2.13419,1435
1241,1288,8192,640,640,64,128,8,256,1,1,2,2,16,4,2,4,0,"[64, 128, 0]","[2, 4, 0]","[0, 0, 8]",True,True,True,hip://6,1282,True,133.0,123.33,0.92732,146
893,1289,8192,640,640,64,16,20,64,1,1,1,1,16,4,4,1,0,"[64, 16, 0]","[4, 1, 0]","[0, 0, 20]",True,True,True,hip://7,1283,True,133.17,121.33,0.91114,115
1467,1290,8192,640,640,32,32,5,256,1,1,2,2,16,4,1,1,0,"[32, 32, 0]","[1, 1, 0]","[0, 0, 5]",True,True,True,hip://2,1284,True,132.83,197.33,1.48557,1075
707,1291,8192,640,640,128,320,5,512,1,1,8,1,16,4,1,20,0,"[128, 320, 0]","[1, 20, 0]","[0, 0, 5]",True,True,True,hip://6,1285,True,133.0,131.0,0.98496,233
889,1292,8192,640,640,32,16,80,64,1,1,1,1,16,4,2,1,0,"[32, 16, 0]","[2, 1, 0]","[0, 0, 80]",True,True,True,hip://5,1286,True,129.17,209.67,1.62323,1211
1664,1293,8192,640,640,16,80,32,320,1,1,1,5,16,4,1,1,0,"[16, 80, 0]","[1, 1, 0]","[0, 0, 32]",True,True,True,hip://7,1287,True,133.17,382.33,2.87109,1586
222,1294,8192,640,640,256,32,4,512,1,1,4,2,16,4,4,1,0,"[256, 32, 0]","[4, 1, 0]","[0, 0, 4]",True,True,True,hip://2,1288,True,132.83,209.67,1.57842,1172
78,1295,8192,640,640,128,128,1,512,1,1,4,2,16,4,2,4,0,"[128, 128, 0]","[2, 4, 0]","[0, 0, 1]",True,True,True,hip://6,1289,True,133.0,135.0,1.01504,288
1750,1296,8192,640,640,16,64,32,256,1,1,1,4,16,4,1,1,0,"[16, 64, 0]","[1, 1, 0]","[0, 0, 32]",True,True,True,hip://5,1290,True,129.17,173.0,1.33935,871
1189,1297,8192,640,640,128,64,10,256,1,1,1,4,16,4,8,1,0,"[128, 64, 0]","[8, 1, 0]","[0, 0, 10]",True,True,True,hip://7,1291,True,133.17,167.67,1.25907,745
1633,1298,8192,640,640,32,320,5,256,1,1,1,4,16,4,2,5,0,"[32, 320, 0]","[2, 5, 0]","[0, 0, 5]",True,True,True,hip://2,1292,True,132.83,160.33,1.20703,662
1435,1299,8192,640,640,512,64,5,256,1,1,2,2,16,4,16,2,0,"[512, 64, 0]","[16, 2, 0]","[0, 0, 5]",True,True,True,hip://6,1293,True,133.0,154.0,1.15789,567
1390,1300,8192,640,640,32,16,80,128,1,1,2,1,16,4,1,1,0,"[32, 16, 0]","[1, 1, 0]","[0, 0, 80]",True,True,True,hip://5,1294,True,129.17,211.0,1.63355,1217
56,1301,8192,640,640,128,64,20,512,1,1,4,2,16,4,2,2,0,"[128, 64, 0]","[2, 2, 0]","[0, 0, 20]",True,True,True,hip://7,1295,True,133.17,243.33,1.82728,1332
678,1302,8192,640,640,256,16,10,512,1,1,8,1,16,4,2,1,0,"[256, 16, 0]","[2, 1, 0]","[0, 0, 10]",True,True,True,hip://2,1296,True,132.83,160.33,1.20703,663
1513,1303,8192,640,640,16,32,5,128,1,1,1,2,16,4,1,1,0,"[16, 32, 0]","[1, 1, 0]","[0, 0, 5]",True,True,True,hip://6,1297,True,133.0,157.67,1.18546,615
818,1304,8192,640,640,256,32,1,128,1,1,2,1,16,4,8,2,0,"[256, 32, 0]","[8, 2, 0]","[0, 0, 1]",True,True,True,hip://5,1298,True,129.17,174.0,1.3471,882
1676,1305,8192,640,640,16,160,1,320,1,1,1,5,16,4,1,2,0,"[16, 160, 0]","[1, 2, 0]","[0, 0, 1]",True,True,True,hip://7,1299,True,133.17,237.0,1.77972,1311
719,1306,8192,640,640,128,160,8,512,1,1,8,1,16,4,1,10,0,"[128, 160, 0]","[1, 10, 0]","[0, 0, 8]",True,True,True,hip://2,1300,True,132.83,330.0,2.48432,1524
571,1307,8192,640,640,256,16,4,64,1,1,1,1,16,4,16,1,0,"[256, 16, 0]","[16, 1, 0]","[0, 0, 4]",True,True,True,hip://6,1301,True,133.0,139.33,1.04762,336
1754,1308,8192,640,640,16,64,8,256,1,1,1,4,16,4,1,1,0,"[16, 64, 0]","[1, 1, 0]","[0, 0, 8]",True,True,True,hip://5,1302,True,129.17,190.0,1.47097,1053
1821,1309,8192,640,640,32,128,20,64,1,1,1,1,16,4,2,8,0,"[32, 128, 0]","[2, 8, 0]","[0, 0, 20]",True,True,True,hip://7,1303,True,133.17,121.33,0.91114,116
672,1310,8192,640,640,256,16,8,512,1,1,8,1,16,4,2,1,0,"[256, 16, 0]","[2, 1, 0]","[0, 0, 8]",True,True,True,hip://2,1304,True,132.83,325.0,2.44668,1516
816,1311,8192,640,640,256,64,8,128,1,1,2,1,16,4,8,4,0,"[256, 64, 0]","[8, 4, 0]","[0, 0, 8]",True,True,True,hip://6,1305,True,133.0,164.33,1.23559,705
395,1312,8192,640,640,64,32,40,256,1,1,4,1,16,4,1,2,0,"[64, 32, 0]","[1, 2, 0]","[0, 0, 40]",True,True,True,hip://5,1306,True,129.17,260.0,2.0129,1399
48,1313,8192,640,640,128,320,4,512,1,1,4,2,16,4,2,10,0,"[128, 320, 0]","[2, 10, 0]","[0, 0, 4]",True,True,True,hip://7,1307,True,133.17,140.0,1.05131,341
456,1314,8192,640,640,256,320,1,256,1,1,2,2,16,4,8,10,0,"[256, 320, 0]","[8, 10, 0]","[0, 0, 1]",True,True,True,hip://2,1308,True,132.83,199.67,1.50314,1096
1751,1315,8192,640,640,16,64,20,256,1,1,1,4,16,4,1,1,0,"[16, 64, 0]","[1, 1, 0]","[0, 0, 20]",True,True,True,hip://6,1309,True,133.0,1240.0,9.32331,1718
625,1316,8192,640,640,128,64,4,128,1,1,2,1,16,4,4,4,0,"[128, 64, 0]","[4, 4, 0]","[0, 0, 4]",True,True,True,hip://5,1310,True,129.17,168.33,1.30323,813
716,1317,8192,640,640,128,160,5,512,1,1,8,1,16,4,1,10,0,"[128, 160, 0]","[1, 10, 0]","[0, 0, 5]",True,True,True,hip://7,1311,True,133.17,140.33,1.05382,348
942,1318,8192,640,640,16,128,20,64,1,1,1,1,16,4,1,8,0,"[16, 128, 0]","[1, 8, 0]","[0, 0, 20]",True,True,True,hip://2,1312,True,132.83,145.0,1.09159,425
408,1319,8192,640,640,256,80,10,256,1,1,4,1,16,4,4,5,0,"[256, 80, 0]","[4, 5, 0]","[0, 0, 10]",True,True,True,hip://6,1313,True,133.0,391.33,2.94236,1598
455,1320,8192,640,640,256,160,8,640,1,1,2,5,16,4,8,2,0,"[256, 160, 0]","[8, 2, 0]","[0, 0, 8]",True,True,True,hip://5,1314,True,129.17,150.0,1.16129,573
963,1321,8192,640,640,256,80,2,640,1,1,2,5,16,4,8,1,0,"[256, 80, 0]","[8, 1, 0]","[0, 0, 2]",True,True,True,hip://7,1315,True,133.17,206.67,1.55194,1147
79,1322,8192,640,640,128,160,4,256,1,1,2,2,16,4,4,5,0,"[128, 160, 0]","[4, 5, 0]","[0, 0, 4]",True,True,True,hip://2,1316,True,132.83,132.33,0.99624,255
783,1323,8192,640,640,32,64,10,128,1,1,2,1,16,4,1,4,0,"[32, 64, 0]","[1, 4, 0]","[0, 0, 10]",True,True,True,hip://6,1317,True,133.0,149.33,1.12281,493
221,1324,8192,640,640,256,64,1,512,1,1,4,2,16,4,4,2,0,"[256, 64, 0]","[4, 2, 0]","[0, 0, 1]",True,True,True,hip://5,1318,True,129.17,161.33,1.24903,727
1789,1325,8192,640,640,64,32,1,64,1,1,1,1,16,4,4,2,0,"[64, 32, 0]","[4, 2, 0]","[0, 0, 1]",True,True,True,hip://7,1319,True,133.17,205.0,1.53942,1136
1707,1326,8192,640,640,32,80,2,320,1,1,1,5,16,4,2,1,0,"[32, 80, 0]","[2, 1, 0]","[0, 0, 2]",True,True,True,hip://2,1320,True,132.83,249.33,1.87704,1355
508,1327,8192,640,640,16,320,4,640,1,1,1,10,16,4,1,2,0,"[16, 320, 0]","[1, 2, 0]","[0, 0, 4]",True,True,True,hip://6,1321,True,133.0,141.67,1.06516,370
843,1328,8192,640,640,256,16,2,256,1,1,4,1,16,4,4,1,0,"[256, 16, 0]","[4, 1, 0]","[0, 0, 2]",True,True,True,hip://5,1322,True,129.17,146.67,1.13548,517
680,1329,8192,640,640,256,64,5,512,1,1,8,1,16,4,2,4,0,"[256, 64, 0]","[2, 4, 0]","[0, 0, 5]",True,True,True,hip://7,1323,True,133.17,197.33,1.48185,1073
367,1330,8192,640,640,64,160,4,256,1,1,4,1,16,4,1,10,0,"[64, 160, 0]","[1, 10, 0]","[0, 0, 4]",True,True,True,hip://2,1324,True,132.83,195.33,1.47051,1049
50,1331,8192,640,640,128,128,10,512,1,1,4,2,16,4,2,4,0,"[128, 128, 0]","[2, 4, 0]","[0, 0, 10]",True,True,True,hip://6,1325,True,133.0,132.67,0.99749,258
844,1332,8192,640,640,256,64,1,256,1,1,4,1,16,4,4,4,0,"[256, 64, 0]","[4, 4, 0]","[0, 0, 1]",True,True,True,hip://5,1326,True,129.17,200.33,1.55097,1146
362,1333,8192,640,640,64,128,5,256,1,1,4,1,16,4,1,8,0,"[64, 128, 0]","[1, 8, 0]","[0, 0, 5]",True,True,True,hip://7,1327,True,133.17,190.67,1.43179,1006
332,1334,8192,640,640,512,32,5,128,1,1,2,1,16,4,16,2,0,"[512, 32, 0]","[16, 2, 0]","[0, 0, 5]",True,True,True,hip://2,1328,True,132.83,150.33,1.13174,510
1496,1335,8192,640,640,32,32,1,128,1,1,1,2,16,4,2,1,0,"[32, 32, 0]","[2, 1, 0]","[0, 0, 1]",True,True,True,hip://6,1329,True,133.0,556.33,4.18296,1651
316,1336,8192,640,640,512,64,4,128,1,1,2,1,16,4,16,4,0,"[512, 64, 0]","[16, 4, 0]","[0, 0, 4]",True,True,True,hip://5,1330,True,129.17,275.0,2.12903,1431
1271,1337,8192,640,640,32,128,2,256,1,1,2,2,16,4,1,4,0,"[32, 128, 0]","[1, 4, 0]","[0, 0, 2]",True,True,True,hip://7,1331,True,133.17,325.33,2.44305,1514
1584,1338,8192,640,640,32,160,2,128,1,1,1,2,16,4,2,5,0,"[32, 160, 0]","[2, 5, 0]","[0, 0, 2]",True,True,True,hip://2,1332,True,132.83,159.33,1.1995,645
1146,1339,8192,640,640,128,80,2,128,1,1,2,1,16,4,4,5,0,"[128, 80, 0]","[4, 5, 0]","[0, 0, 2]",True,True,True,hip://6,1333,True,133.0,167.0,1.25564,741
724,1340,8192,640,640,128,64,16,512,1,1,8,1,16,4,1,4,0,"[128, 64, 0]","[1, 4, 0]","[0, 0, 16]",True,True,True,hip://5,1334,True,129.17,203.67,1.57677,1169
210,1341,8192,640,640,256,320,2,512,1,1,4,2,16,4,4,10,0,"[256, 320, 0]","[4, 10, 0]","[0, 0, 2]",True,True,True,hip://7,1335,True,133.17,132.67,0.99625,256
1506,1342,8192,640,640,64,32,32,128,1,1,1,2,16,4,4,1,0,"[64, 32, 0]","[4, 1, 0]","[0, 0, 32]",True,True,True,hip://2,1336,True,132.83,336.67,2.5345,1538
430,1343,8192,640,640,128,64,1,256,1,1,4,1,16,4,2,4,0,"[128, 64, 0]","[2, 4, 0]","[0, 0, 1]",True,True,True,hip://6,1337,True,133.0,186.33,1.401,964
732,1344,8192,640,640,128,64,2,512,1,1,8,1,16,4,1,4,0,"[128, 64, 0]","[1, 4, 0]","[0, 0, 2]",True,True,True,hip://5,1338,True,129.17,184.0,1.42452,997
1444,1345,8192,640,640,32,160,4,256,1,1,2,2,16,4,1,5,0,"[32, 160, 0]","[1, 5, 0]","[0, 0, 4]",True,True,True,hip://7,1339,True,133.17,132.0,0.99124,244
746,1346,8192,640,640,256,32,10,64,1,1,1,1,16,4,16,2,0,"[256, 32, 0]","[16, 2, 0]","[0, 0, 10]",True,True,True,hip://2,1340,True,132.83,124.67,0.93852,167
631,1347,8192,640,640,32,64,4,128,1,1,2,1,16,4,1,4,0,"[32, 64, 0]","[1, 4, 0]","[0, 0, 4]",True,True,True,hip://6,1341,True,133.0,387.0,2.90977,1593
85,1348,8192,640,640,128,160,5,256,1,1,2,2,16,4,4,5,0,"[128, 160, 0]","[4, 5, 0]","[0, 0, 5]",True,True,True,hip://5,1342,True,129.17,115.33,0.8929,85
261,1349,8192,640,640,512,32,2,64,1,1,1,1,16,4,32,2,0,"[512, 32, 0]","[32, 2, 0]","[0, 0, 2]",True,True,True,hip://7,1343,True,133.17,167.0,1.25407,736
880,1350,8192,640,640,16,16,2,64,1,1,1,1,16,4,1,1,0,"[16, 16, 0]","[1, 1, 0]","[0, 0, 2]",True,True,True,hip://2,1344,True,132.83,295.0,2.22083,1464
303,1351,8192,640,640,512,160,5,64,1,1,1,1,16,4,32,10,0,"[512, 160, 0]","[32, 10, 0]","[0, 0, 5]",True,True,True,hip://6,1345,True,133.0,276.33,2.07769,1412
1131,1352,8192,640,640,128,128,10,512,1,1,2,4,16,4,4,2,0,"[128, 128, 0]","[4, 2, 0]","[0, 0, 10]",True,True,True,hip://5,1346,True,129.17,6416.67,49.67742,1811
1192,1353,8192,640,640,128,64,1,256,1,1,1,4,16,4,8,1,0,"[128, 64, 0]","[8, 1, 0]","[0, 0, 1]",True,True,True,hip://7,1347,True,133.17,196.0,1.47184,1055
1407,1354,8192,640,640,32,80,20,128,1,1,2,1,16,4,1,5,0,"[32, 80, 0]","[1, 5, 0]","[0, 0, 20]",True,True,True,hip://2,1348,True,132.83,178.67,1.34504,879
73,1355,8192,640,640,128,160,2,512,1,1,4,2,16,4,2,5,0,"[128, 160, 0]","[2, 5, 0]","[0, 0, 2]",True,True,True,hip://6,1349,True,133.0,340.0,2.55639,1543
1117,1356,8192,640,640,32,320,10,640,1,1,1,10,16,4,2,2,0,"[32, 320, 0]","[2, 2, 0]","[0, 0, 10]",True,True,True,hip://5,1350,True,129.17,118.33,0.91613,124
305,1357,8192,640,640,512,80,5,64,1,1,1,1,16,4,32,5,0,"[512, 80, 0]","[32, 5, 0]","[0, 0, 5]",True,True,True,hip://7,1351,True,133.17,141.33,1.06133,363
1505,1358,8192,640,640,64,32,40,128,1,1,1,2,16,4,4,1,0,"[64, 32, 0]","[4, 1, 0]","[0, 0, 40]",True,True,True,hip://2,1352,True,132.83,2896.67,21.80678,1784
1612,1359,8192,640,640,512,320,1,256,1,1,1,4,16,4,32,5,0,"[512, 320, 0]","[32, 5, 0]","[0, 0, 1]",True,True,True,hip://6,1353,True,133.0,194.0,1.45865,1038
1421,1360,8192,640,640,32,320,5,128,1,1,2,1,16,4,1,20,0,"[32, 320, 0]","[1, 20, 0]","[0, 0, 5]",True,True,True,hip://5,1354,True,129.17,5916.67,45.80645,1810
1148,1361,8192,640,640,128,128,2,128,1,1,2,1,16,4,4,8,0,"[128, 128, 0]","[4, 8, 0]","[0, 0, 2]",True,True,True,hip://7,1355,True,133.17,243.67,1.82979,1335
875,1362,8192,640,640,32,16,1,64,1,1,1,1,16,4,2,1,0,"[32, 16, 0]","[2, 1, 0]","[0, 0, 1]",True,True,True,hip://2,1356,True,132.83,222.67,1.67629,1251
1129,1363,8192,640,640,128,128,16,128,1,1,2,1,16,4,4,8,0,"[128, 128, 0]","[4, 8, 0]","[0, 0, 16]",True,True,True,hip://6,1357,True,133.0,393.0,2.95489,1600
904,1364,8192,640,640,64,16,16,64,1,1,1,1,16,4,4,1,0,"[64, 16, 0]","[4, 1, 0]","[0, 0, 16]",True,True,True,hip://5,1358,True,129.17,398.0,3.08129,1611
1621,1365,8192,640,640,512,128,5,256,1,1,1,4,16,4,32,2,0,"[512, 128, 0]","[32, 2, 0]","[0, 0, 5]",True,True,True,hip://7,1359,True,133.17,154.67,1.16145,575
536,1366,8192,640,640,128,160,4,64,1,1,1,1,16,4,8,10,0,"[128, 160, 0]","[8, 10, 0]","[0, 0, 4]",True,True,True,hip://2,1360,True,132.83,374.0,2.81556,1581
1304,1367,8192,640,640,64,320,2,512,1,1,2,4,16,4,2,5,0,"[64, 320, 0]","[2, 5, 0]","[0, 0, 2]",True,True,True,hip://5,1361,True,129.17,553.33,4.28387,1658
267,1368,8192,640,640,512,128,2,64,1,1,1,1,16,4,32,8,0,"[512, 128, 0]","[32, 8, 0]","[0, 0, 2]",True,True,True,hip://6,1362,True,133.0,165.33,1.24311,719
683,1369,8192,640,640,256,32,10,512,1,1,8,1,16,4,2,2,0,"[256, 32, 0]","[2, 2, 0]","[0, 0, 10]",True,True,True,hip://7,1363,True,133.17,5483.33,41.17647,1800
7,1370,8192,640,640,512,64,1,512,1,1,2,4,16,4,16,1,0,"[512, 64, 0]","[16, 1, 0]","[0, 0, 1]",True,True,True,hip://2,1364,True,132.83,142.0,1.06901,383
90,1371,8192,640,640,128,160,5,128,1,1,1,2,16,4,8,5,0,"[128, 160, 0]","[8, 5, 0]","[0, 0, 5]",True,True,True,hip://5,1365,True,129.17,195.33,1.51226,1106
566,1372,8192,640,640,128,16,4,64,1,1,1,1,16,4,8,1,0,"[128, 16, 0]","[8, 1, 0]","[0, 0, 4]",True,True,True,hip://6,1366,True,133.0,233.33,1.75439,1297
1530,1373,8192,640,640,64,320,1,128,1,1,1,2,16,4,4,10,0,"[64, 320, 0]","[4, 10, 0]","[0, 0, 1]",True,True,True,hip://7,1367,True,133.17,159.67,1.199,643
1299,1374,8192,640,640,32,160,2,128,1,1,2,1,16,4,1,10,0,"[32, 160, 0]","[1, 10, 0]","[0, 0, 2]",True,True,True,hip://2,1368,True,132.83,291.33,2.19322,1453
1779,1375,8192,640,640,64,64,10,256,1,1,1,4,16,4,4,1,0,"[64, 64, 0]","[4, 1, 0]","[0, 0, 10]",True,True,True,hip://5,1369,True,129.17,159.33,1.23355,702
104,1376,8192,640,640,128,64,4,256,1,1,2,2,16,4,4,2,0,"[128, 64, 0]","[4, 2, 0]","[0, 0, 4]",True,True,True,hip://6,1370,True,133.0,152.67,1.14787,547
1794,1377,8192,640,640,64,128,8,64,1,1,1,1,16,4,4,8,0,"[64, 128, 0]","[4, 8, 0]","[0, 0, 8]",True,True,True,hip://7,1371,True,133.17,120.67,0.90613,107
1614,1378,8192,640,640,256,128,2,256,1,1,1,4,16,4,16,2,0,"[256, 128, 0]","[16, 2, 0]","[0, 0, 2]",True,True,True,hip://2,1372,True,132.83,241.33,1.81681,1327
1035,1379,8192,640,640,128,16,1,128,1,1,2,1,16,4,4,1,0,"[128, 16, 0]","[4, 1, 0]","[0, 0, 1]",True,True,True,hip://5,1373,True,129.17,159.67,1.23613,708
540,1380,8192,640,640,512,80,4,320,1,1,1,5,16,4,32,1,0,"[512, 80, 0]","[32, 1, 0]","[0, 0, 4]",True,True,True,hip://6,1374,True,133.0,352.67,2.65163,1558
1298,1381,8192,640,640,32,64,2,128,1,1,2,1,16,4,1,4,0,"[32, 64, 0]","[1, 4, 0]","[0, 0, 2]",True,True,True,hip://7,1375,True,133.17,305.67,2.29537,1481
416,1382,8192,640,640,128,16,16,256,1,1,4,1,16,4,2,1,0,"[128, 16, 0]","[2, 1, 0]","[0, 0, 16]",True,True,True,hip://2,1376,True,132.83,158.67,1.19448,634
702,1383,8192,640,640,128,160,10,512,1,1,8,1,16,4,1,10,0,"[128, 160, 0]","[1, 10, 0]","[0, 0, 10]",True,True,True,hip://5,1377,True,129.17,163.0,1.26194,751
431,1384,8192,640,640,128,64,4,256,1,1,4,1,16,4,2,4,0,"[128, 64, 0]","[2, 4, 0]","[0, 0, 4]",True,True,True,hip://6,1378,True,133.0,144.67,1.08772,418
1238,1385,8192,640,640,32,128,16,512,1,1,2,4,16,4,1,2,0,"[32, 128, 0]","[1, 2, 0]","[0, 0, 16]",True,True,True,hip://7,1379,True,133.17,122.0,0.91615,126
577,1386,8192,640,640,16,160,4,128,1,1,1,2,16,4,1,5,0,"[16, 160, 0]","[1, 5, 0]","[0, 0, 4]",True,True,True,hip://2,1380,True,132.83,131.0,0.9862,236
557,1387,8192,640,640,64,32,4,64,1,1,1,1,16,4,4,2,0,"[64, 32, 0]","[4, 2, 0]","[0, 0, 4]",True,True,True,hip://5,1381,True,129.17,154.0,1.19226,631
1784,1388,8192,640,640,64,160,8,64,1,1,1,1,16,4,4,10,0,"[64, 160, 0]","[4, 10, 0]","[0, 0, 8]",True,True,True,hip://6,1382,True,133.0,124.33,0.93484,161
1656,1389,8192,640,640,64,320,5,320,1,1,1,5,16,4,4,4,0,"[64, 320, 0]","[4, 4, 0]","[0, 0, 5]",True,True,True,hip://7,1383,True,133.17,175.33,1.31665,839
219,1390,8192,640,640,256,64,4,512,1,1,4,2,16,4,4,2,0,"[256, 64, 0]","[4, 2, 0]","[0, 0, 4]",True,True,True,hip://2,1384,True,132.83,140.0,1.05395,351
236,1391,8192,640,640,512,32,1,512,1,1,8,1,16,4,4,2,0,"[512, 32, 0]","[4, 2, 0]","[0, 0, 1]",True,True,True,hip://5,1385,True,129.17,146.67,1.13548,518
1772,1392,8192,640,640,64,128,20,256,1,1,1,4,16,4,4,2,0,"[64, 128, 0]","[4, 2, 0]","[0, 0, 20]",True,True,True,hip://6,1386,True,133.0,281.33,2.11529,1424
275,1393,8192,640,640,512,16,5,256,1,1,4,1,16,4,8,1,0,"[512, 16, 0]","[8, 1, 0]","[0, 0, 5]",True,True,True,hip://7,1387,True,133.17,138.67,1.0413,329
212,1394,8192,640,640,256,160,4,512,1,1,4,2,16,4,4,5,0,"[256, 160, 0]","[4, 5, 0]","[0, 0, 4]",True,True,True,hip://2,1388,True,132.83,230.0,1.73149,1283
1358,1395,8192,640,640,64,64,10,256,1,1,2,2,16,4,2,2,0,"[64, 64, 0]","[2, 2, 0]","[0, 0, 10]",True,True,True,hip://5,1389,True,129.17,195.67,1.51484,1112
613,1396,8192,640,640,32,320,4,640,1,1,2,5,16,4,1,4,0,"[32, 320, 0]","[1, 4, 0]","[0, 0, 4]",True,True,True,hip://6,1390,True,133.0,148.33,1.11529,475
1135,1397,8192,640,640,128,160,8,128,1,1,2,1,16,4,4,10,0,"[128, 160, 0]","[4, 10, 0]","[0, 0, 8]",True,True,True,hip://7,1391,True,133.17,135.0,1.01377,287
1367,1398,8192,640,640,64,320,8,128,1,1,2,1,16,4,2,20,0,"[64, 320, 0]","[2, 20, 0]","[0, 0, 8]",True,True,True,hip://2,1392,True,132.83,173.33,1.30489,817
16,1399,8192,640,640,128,80,1,640,1,1,2,5,16,4,4,1,0,"[128, 80, 0]","[4, 1, 0]","[0, 0, 1]",True,True,True,hip://5,1393,True,129.17,193.0,1.49419,1086
1658,1400,8192,640,640,32,320,5,320,1,1,1,5,16,4,2,4,0,"[32, 320, 0]","[2, 4, 0]","[0, 0, 5]",True,True,True,hip://6,1394,True,133.0,169.67,1.27569,773
1339,1401,8192,640,640,64,64,4,512,1,1,2,4,16,4,2,1,0,"[64, 64, 0]","[2, 1, 0]","[0, 0, 4]",True,True,True,hip://7,1395,True,133.17,158.67,1.19149,629
1252,1402,8192,640,640,256,128,2,512,1,1,2,4,16,4,8,2,0,"[256, 128, 0]","[8, 2, 0]","[0, 0, 2]",True,True,True,hip://2,1396,True,132.83,118.33,0.89084,80
619,1403,8192,640,640,128,80,4,256,1,1,4,1,16,4,2,5,0,"[128, 80, 0]","[2, 5, 0]","[0, 0, 4]",True,True,True,hip://5,1397,True,129.17,156.33,1.21032,670
1112,1404,8192,640,640,32,160,8,640,1,1,1,10,16,4,2,1,0,"[32, 160, 0]","[2, 1, 0]","[0, 0, 8]",True,True,True,hip://6,1398,True,133.0,130.67,0.98246,228
1575,1405,8192,640,640,32,64,10,128,1,1,1,2,16,4,2,2,0,"[32, 64, 0]","[2, 2, 0]","[0, 0, 10]",True,True,True,hip://7,1399,True,133.17,130.67,0.98123,227
1641,1406,8192,640,640,64,64,5,64,1,1,1,1,16,4,4,4,0,"[64, 64, 0]","[4, 4, 0]","[0, 0, 5]",True,True,True,hip://2,1400,True,132.83,160.0,1.20452,657
583,1407,8192,640,640,256,128,4,128,1,1,1,2,16,4,16,4,0,"[256, 128, 0]","[16, 4, 0]","[0, 0, 4]",True,True,True,hip://5,1401,True,129.17,142.0,1.09935,440
756,1408,8192,640,640,64,160,10,64,1,1,1,1,16,4,4,10,0,"[64, 160, 0]","[4, 10, 0]","[0, 0, 10]",True,True,True,hip://6,1402,True,133.0,299.33,2.25063,1475
500,1409,8192,640,640,128,320,4,320,1,1,1,5,16,4,8,4,0,"[128, 320, 0]","[8, 4, 0]","[0, 0, 4]",True,True,True,hip://7,1403,True,133.17,297.0,2.23029,1467
1455,1410,8192,640,640,32,64,10,256,1,1,2,2,16,4,1,2,0,"[32, 64, 0]","[1, 2, 0]","[0, 0, 10]",True,True,True,hip://2,1404,True,132.83,264.33,1.98996,1391
714,1411,8192,640,640,128,160,1,512,1,1,8,1,16,4,1,10,0,"[128, 160, 0]","[1, 10, 0]","[0, 0, 1]",True,True,True,hip://5,1405,True,129.17,153.0,1.18452,614
271,1412,8192,640,640,512,16,1,128,1,1,2,1,16,4,16,1,0,"[512, 16, 0]","[16, 1, 0]","[0, 0, 1]",True,True,True,hip://6,1406,True,133.0,130.0,0.97744,222
1430,1413,8192,640,640,256,160,4,256,1,1,2,2,16,4,8,5,0,"[256, 160, 0]","[8, 5, 0]","[0, 0, 4]",True,True,True,hip://7,1407,True,133.17,390.33,2.93116,1597
1036,1414,8192,640,640,32,128,2,512,1,1,1,8,16,4,2,1,0,"[32, 128, 0]","[2, 1, 0]","[0, 0, 2]",True,True,True,hip://2,1408,True,132.83,205.33,1.5458,1142
436,1415,8192,640,640,128,16,10,256,1,1,4,1,16,4,2,1,0,"[128, 16, 0]","[2, 1, 0]","[0, 0, 10]",True,True,True,hip://5,1409,True,129.17,142.33,1.10194,445
1101,1416,8192,640,640,32,160,1,640,1,1,1,10,16,4,2,1,0,"[32, 160, 0]","[2, 1, 0]","[0, 0, 1]",True,True,True,hip://6,1410,True,133.0,132.0,0.99248,246
150,1417,8192,640,640,64,160,2,512,1,1,4,2,16,4,1,5,0,"[64, 160, 0]","[1, 5, 0]","[0, 0, 2]",True,True,True,hip://7,1411,True,133.17,223.67,1.6796,1255
204,1418,8192,640,640,512,64,2,512,1,1,4,2,16,4,8,2,0,"[512, 64, 0]","[8, 2, 0]","[0, 0, 2]",True,True,True,hip://2,1412,True,132.83,113.67,0.85571,34
1153,1419,8192,640,640,128,64,16,512,1,1,2,4,16,4,4,1,0,"[128, 64, 0]","[4, 1, 0]","[0, 0, 16]",True,True,True,hip://5,1413,True,129.17,180.67,1.39871,957
1272,1420,8192,640,640,64,128,4,256,1,1,2,2,16,4,2,4,0,"[64, 128, 0]","[2, 4, 0]","[0, 0, 4]",True,True,True,hip://6,1414,True,133.0,131.33,0.98747,238
938,1421,8192,640,640,16,80,20,64,1,1,1,1,16,4,1,5,0,"[16, 80, 0]","[1, 5, 0]","[0, 0, 20]",True,True,True,hip://7,1415,True,133.17,118.67,0.89111,82
19,1422,8192,640,640,128,80,5,640,1,1,2,5,16,4,4,1,0,"[128, 80, 0]","[4, 1, 0]","[0, 0, 5]",True,True,True,hip://2,1416,True,132.83,186.33,1.40276,967
148,1423,8192,640,640,64,320,5,512,1,1,4,2,16,4,1,10,0,"[64, 320, 0]","[1, 10, 0]","[0, 0, 5]",True,True,True,hip://5,1417,True,129.17,115.67,0.89548,89
1801,1424,8192,640,640,64,32,20,64,1,1,1,1,16,4,4,2,0,"[64, 32, 0]","[4, 2, 0]","[0, 0, 20]",True,True,True,hip://6,1418,True,133.0,147.33,1.10777,458
936,1425,8192,640,640,16,64,5,64,1,1,1,1,16,4,1,4,0,"[16, 64, 0]","[1, 4, 0]","[0, 0, 5]",True,True,True,hip://7,1419,True,133.17,184.33,1.38423,933
614,1426,8192,640,640,64,160,4,640,1,1,2,5,16,4,2,2,0,"[64, 160, 0]","[2, 2, 0]","[0, 0, 4]",True,True,True,hip://2,1420,True,132.83,176.0,1.32497,849
1321,1427,8192,640,640,64,32,16,128,1,1,2,1,16,4,2,2,0,"[64, 32, 0]","[2, 2, 0]","[0, 0, 16]",True,True,True,hip://5,1421,True,129.17,119.0,0.92129,135
1578,1428,8192,640,640,16,160,20,128,1,1,1,2,16,4,1,5,0,"[16, 160, 0]","[1, 5, 0]","[0, 0, 20]",True,True,True,hip://6,1422,True,133.0,134.33,1.01003,284
268,1429,8192,640,640,512,16,1,64,1,1,1,1,16,4,32,1,0,"[512, 16, 0]","[32, 1, 0]","[0, 0, 1]",True,True,True,hip://7,1423,True,133.17,233.0,1.74969,1294
1695,1430,8192,640,640,64,80,16,320,1,1,1,5,16,4,4,1,0,"[64, 80, 0]","[4, 1, 0]","[0, 0, 16]",True,True,True,hip://2,1424,True,132.83,384.33,2.89335,1589
1484,1431,8192,640,640,256,32,10,128,1,1,1,2,16,4,16,1,0,"[256, 32, 0]","[16, 1, 0]","[0, 0, 10]",True,True,True,hip://5,1425,True,129.17,202.0,1.56387,1162
488,1432,8192,640,640,256,320,1,128,1,1,1,2,16,4,16,10,0,"[256, 320, 0]","[16, 10, 0]","[0, 0, 1]",True,True,True,hip://6,1426,True,133.0,276.33,2.07769,1413
643,1433,8192,640,640,256,16,4,256,1,1,4,1,16,4,4,1,0,"[256, 16, 0]","[4, 1, 0]","[0, 0, 4]",True,True,True,hip://7,1427,True,133.17,5390.0,40.47559,1799
1371,1434,8192,640,640,64,64,5,128,1,1,2,1,16,4,2,4,0,"[64, 64, 0]","[2, 4, 0]","[0, 0, 5]",True,True,True,hip://2,1428,True,132.83,143.33,1.07905,400
418,1435,8192,640,640,128,32,16,256,1,1,4,1,16,4,2,2,0,"[128, 32, 0]","[2, 2, 0]","[0, 0, 16]",True,True,True,hip://5,1429,True,129.17,165.33,1.28,780
534,1436,8192,640,640,256,160,4,320,1,1,1,5,16,4,16,2,0,"[256, 160, 0]","[16, 2, 0]","[0, 0, 4]",True,True,True,hip://6,1430,True,133.0,138.67,1.04261,332
647,1437,8192,640,640,64,160,4,128,1,1,2,1,16,4,2,10,0,"[64, 160, 0]","[2, 10, 0]","[0, 0, 4]",True,True,True,hip://7,1431,True,133.17,267.67,2.01001,1396
1070,1438,8192,640,640,512,64,2,256,1,1,2,2,16,4,16,2,0,"[512, 64, 0]","[16, 2, 0]","[0, 0, 2]",True,True,True,hip://2,1432,True,132.83,152.0,1.14429,539
1157,1439,8192,640,640,128,64,5,512,1,1,2,4,16,4,4,1,0,"[128, 64, 0]","[4, 1, 0]","[0, 0, 5]",True,True,True,hip://5,1433,True,129.17,179.67,1.39097,944
1681,1440,8192,640,640,256,160,2,320,1,1,1,5,16,4,16,2,0,"[256, 160, 0]","[16, 2, 0]","[0, 0, 2]",True,True,True,hip://6,1434,True,133.0,149.67,1.12531,500
1346,1441,8192,640,640,64,160,4,256,1,1,2,2,16,4,2,5,0,"[64, 160, 0]","[2, 5, 0]","[0, 0, 4]",True,True,True,hip://7,1435,True,133.17,277.67,2.08511,1416
858,1442,8192,640,640,256,128,2,64,1,1,1,1,16,4,16,8,0,"[256, 128, 0]","[16, 8, 0]","[0, 0, 2]",True,True,True,hip://2,1436,True,132.83,129.0,0.97114,211
167,1443,8192,640,640,64,32,8,512,1,1,4,2,16,4,1,1,0,"[64, 32, 0]","[1, 1, 0]","[0, 0, 8]",True,True,True,hip://5,1437,True,129.17,1513.33,11.71613,1737
1268,1444,8192,640,640,512,128,5,256,1,1,2,2,16,4,16,4,0,"[512, 128, 0]","[16, 4, 0]","[0, 0, 5]",True,True,True,hip://6,1438,True,133.0,113.33,0.85213,26
81,1445,8192,640,640,128,160,2,256,1,1,2,2,16,4,4,5,0,"[128, 160, 0]","[4, 5, 0]","[0, 0, 2]",True,True,True,hip://7,1439,True,133.17,374.33,2.81101,1580
1217,1446,8192,640,640,128,32,2,64,1,1,1,1,16,4,8,2,0,"[128, 32, 0]","[8, 2, 0]","[0, 0, 2]",True,True,True,hip://2,1440,True,132.83,158.67,1.19448,635
1185,1447,8192,640,640,128,128,8,256,1,1,1,4,16,4,8,2,0,"[128, 128, 0]","[8, 2, 0]","[0, 0, 8]",True,True,True,hip://5,1441,True,129.17,153.67,1.18968,626
504,1448,8192,640,640,256,320,4,256,1,1,1,4,16,4,16,5,0,"[256, 320, 0]","[16, 5, 0]","[0, 0, 4]",True,True,True,hip://6,1442,True,133.0,167.67,1.26065,749
1166,1449,8192,640,640,128,32,2,128,1,1,2,1,16,4,4,2,0,"[128, 32, 0]","[4, 2, 0]","[0, 0, 2]",True,True,True,hip://7,1443,True,133.17,482.33,3.62203,1635
245,1450,8192,640,640,512,16,2,64,1,1,1,1,16,4,32,1,0,"[512, 16, 0]","[32, 1, 0]","[0, 0, 2]",True,True,True,hip://2,1444,True,132.83,149.0,1.12171,489
826,1451,8192,640,640,256,128,8,128,1,1,2,1,16,4,8,8,0,"[256, 128, 0]","[8, 8, 0]","[0, 0, 8]",True,True,True,hip://5,1445,True,129.17,210.67,1.63097,1215
481,1452,8192,640,640,32,320,5,128,1,1,1,2,16,4,2,10,0,"[32, 320, 0]","[2, 10, 0]","[0, 0, 5]",True,True,True,hip://6,1446,True,133.0,457.67,3.4411,1630
1382,1453,8192,640,640,32,32,16,256,1,1,2,2,16,4,1,1,0,"[32, 32, 0]","[1, 1, 0]","[0, 0, 16]",True,True,True,hip://7,1447,True,133.17,235.33,1.76721,1304
139,1454,8192,640,640,128,64,4,128,1,1,1,2,16,4,8,2,0,"[128, 64, 0]","[8, 2, 0]","[0, 0, 4]",True,True,True,hip://2,1448,True,132.83,111.0,0.83563,19
1218,1455,8192,640,640,128,64,2,64,1,1,1,1,16,4,8,4,0,"[128, 64, 0]","[8, 4, 0]","[0, 0, 2]",True,True,True,hip://5,1449,True,129.17,144.67,1.12,483
140,1456,8192,640,640,128,32,8,128,1,1,1,2,16,4,8,1,0,"[128, 32, 0]","[8, 1, 0]","[0, 0, 8]",True,True,True,hip://6,1450,True,133.0,156.0,1.17293,599
380,1457,8192,640,640,64,64,4,256,1,1,4,1,16,4,1,4,0,"[64, 64, 0]","[1, 4, 0]","[0, 0, 4]",True,True,True,hip://7,1451,True,133.17,154.0,1.15645,566
164,1458,8192,640,640,64,32,40,512,1,1,4,2,16,4,1,1,0,"[64, 32, 0]","[1, 1, 0]","[0, 0, 40]",True,True,True,hip://2,1452,True,132.83,108.33,0.81556,10
1040,1459,8192,640,640,64,128,2,512,1,1,1,8,16,4,4,1,0,"[64, 128, 0]","[4, 1, 0]","[0, 0, 2]",True,True,True,hip://5,1453,True,129.17,142.0,1.09935,441
116,1460,8192,640,640,128,320,5,128,1,1,1,2,16,4,8,10,0,"[128, 320, 0]","[8, 10, 0]","[0, 0, 5]",True,True,True,hip://6,1454,True,133.0,137.0,1.03008,310
322,1461,8192,640,640,512,160,4,256,1,1,4,1,16,4,8,10,0,"[512, 160, 0]","[8, 10, 0]","[0, 0, 4]",True,True,True,hip://7,1455,True,133.17,552.0,4.14518,1649
1087,1462,8192,640,640,128,320,1,640,1,1,1,10,16,4,8,2,0,"[128, 320, 0]","[8, 2, 0]","[0, 0, 1]",True,True,True,hip://2,1456,True,132.83,455.67,3.43036,1628
1029,1463,8192,640,640,16,128,8,512,1,1,1,8,16,4,1,1,0,"[16, 128, 0]","[1, 1, 0]","[0, 0, 8]",True,True,True,hip://5,1457,True,129.17,207.0,1.60258,1194
976,1464,8192,640,640,32,80,16,640,1,1,2,5,16,4,1,1,0,"[32, 80, 0]","[1, 1, 0]","[0, 0, 16]",True,True,True,hip://6,1458,True,133.0,132.0,0.99248,247
1196,1465,8192,640,640,128,128,16,64,1,1,1,1,16,4,8,8,0,"[128, 128, 0]","[8, 8, 0]","[0, 0, 16]",True,True,True,hip://7,1459,True,133.17,133.33,1.00125,264
102,1466,8192,640,640,128,64,8,256,1,1,2,2,16,4,4,2,0,"[128, 64, 0]","[4, 2, 0]","[0, 0, 8]",True,True,True,hip://2,1460,True,132.83,1010.0,7.60351,1708
117,1467,8192,640,640,128,320,4,128,1,1,1,2,16,4,8,10,0,"[128, 320, 0]","[8, 10, 0]","[0, 0, 4]",True,True,True,hip://5,1461,True,129.17,121.67,0.94194,170
642,1468,8192,640,640,256,80,4,256,1,1,4,1,16,4,4,5,0,"[256, 80, 0]","[4, 5, 0]","[0, 0, 4]",True,True,True,hip://6,1462,True,133.0,527.33,3.96491,1642
1521,1469,8192,640,640,32,32,10,128,1,1,1,2,16,4,2,1,0,"[32, 32, 0]","[2, 1, 0]","[0, 0, 10]",True,True,True,hip://7,1463,True,133.17,144.0,1.08135,404
1110,1470,8192,640,640,32,160,20,640,1,1,1,10,16,4,2,1,0,"[32, 160, 0]","[2, 1, 0]","[0, 0, 20]",True,True,True,hip://2,1464,True,132.83,174.67,1.31493,835
1186,1471,8192,640,640,128,128,5,256,1,1,1,4,16,4,8,2,0,"[128, 128, 0]","[8, 2, 0]","[0, 0, 5]",True,True,True,hip://5,1465,True,129.17,137.67,1.06581,375
119,1472,8192,640,640,128,128,2,128,1,1,1,2,16,4,8,4,0,"[128, 128, 0]","[8, 4, 0]","[0, 0, 2]",True,True,True,hip://6,1466,True,133.0,180.33,1.35589,891
445,1473,8192,640,640,128,160,1,256,1,1,4,1,16,4,2,10,0,"[128, 160, 0]","[2, 10, 0]","[0, 0, 1]",True,True,True,hip://7,1467,True,133.17,223.33,1.6771,1253
607,1474,8192,640,640,512,320,4,640,1,1,2,5,16,4,16,4,0,"[512, 320, 0]","[16, 4, 0]","[0, 0, 4]",True,True,True,hip://2,1468,True,132.83,135.0,1.01631,290
388,1475,8192,640,640,64,64,16,256,1,1,4,1,16,4,1,4,0,"[64, 64, 0]","[1, 4, 0]","[0, 0, 16]",True,True,True,hip://5,1469,True,129.17,2030.0,15.71613,1760
317,1476,8192,640,640,512,160,4,128,1,1,2,1,16,4,16,10,0,"[512, 160, 0]","[16, 10, 0]","[0, 0, 4]",True,True,True,hip://6,1470,True,133.0,129.33,0.97243,214
996,1477,8192,640,640,32,80,5,640,1,1,2,5,16,4,1,1,0,"[32, 80, 0]","[1, 1, 0]","[0, 0, 5]",True,True,True,hip://7,1471,True,133.17,2866.67,21.52691,1783
1471,1478,8192,640,640,256,128,8,128,1,1,1,2,16,4,16,4,0,"[256, 128, 0]","[16, 4, 0]","[0, 0, 8]",True,True,True,hip://2,1472,True,132.83,131.67,0.99122,243
1355,1479,8192,640,640,64,64,16,256,1,1,2,2,16,4,2,2,0,"[64, 64, 0]","[2, 2, 0]","[0, 0, 16]",True,True,True,hip://5,1473,True,129.17,476.33,3.68774,1638
1138,1480,8192,640,640,128,320,5,128,1,1,2,1,16,4,4,20,0,"[128, 320, 0]","[4, 20, 0]","[0, 0, 5]",True,True,True,hip://6,1474,True,133.0,129.0,0.96992,206
1426,1481,8192,640,640,256,320,1,512,1,1,2,4,16,4,8,5,0,"[256, 320, 0]","[8, 5, 0]","[0, 0, 1]",True,True,True,hip://7,1475,True,133.17,545.33,4.09512,1646
1588,1482,8192,640,640,64,160,10,128,1,1,1,2,16,4,4,5,0,"[64, 160, 0]","[4, 5, 0]","[0, 0, 10]",True,True,True,hip://2,1476,True,132.83,283.67,2.13551,1437
584,1483,8192,640,640,256,32,4,128,1,1,1,2,16,4,16,1,0,"[256, 32, 0]","[16, 1, 0]","[0, 0, 4]",True,True,True,hip://5,1477,True,129.17,309.0,2.39226,1503
931,1484,8192,640,640,16,32,16,64,1,1,1,1,16,4,1,2,0,"[16, 32, 0]","[1, 2, 0]","[0, 0, 16]",True,True,True,hip://6,1478,True,133.0,156.0,1.17293,600
543,1485,8192,640,640,32,80,4,320,1,1,1,5,16,4,2,1,0,"[32, 80, 0]","[2, 1, 0]","[0, 0, 4]",True,True,True,hip://7,1479,True,133.17,143.33,1.07635,395
799,1486,8192,640,640,64,32,10,128,1,1,2,1,16,4,2,2,0,"[64, 32, 0]","[2, 2, 0]","[0, 0, 10]",True,True,True,hip://2,1480,True,132.83,118.0,0.88833,74
4,1487,8192,640,640,64,64,1,512,1,1,2,4,16,4,2,1,0,"[64, 64, 0]","[2, 1, 0]","[0, 0, 1]",True,True,True,hip://5,1481,True,129.17,155.0,1.2,649
776,1488,8192,640,640,16,320,10,64,1,1,1,1,16,4,1,20,0,"[16, 320, 0]","[1, 20, 0]","[0, 0, 10]",True,True,True,hip://6,1482,True,133.0,210.33,1.58145,1177
337,1489,8192,640,640,64,320,2,256,1,1,4,1,16,4,1,20,0,"[64, 320, 0]","[1, 20, 0]","[0, 0, 2]",True,True,True,hip://7,1483,True,133.17,402.67,3.02378,1609
1600,1490,8192,640,640,512,80,1,320,1,1,1,5,16,4,32,1,0,"[512, 80, 0]","[32, 1, 0]","[0, 0, 1]",True,True,True,hip://2,1484,True,132.83,168.33,1.26725,760
1705,1491,8192,640,640,32,320,8,320,1,1,1,5,16,4,2,4,0,"[32, 320, 0]","[2, 4, 0]","[0, 0, 8]",True,True,True,hip://5,1485,True,129.17,390.0,3.01935,1608
437,1492,8192,640,640,128,64,10,256,1,1,4,1,16,4,2,4,0,"[128, 64, 0]","[2, 4, 0]","[0, 0, 10]",True,True,True,hip://6,1486,True,133.0,156.33,1.17544,603
985,1493,8192,640,640,512,128,1,512,1,1,2,4,16,4,16,2,0,"[512, 128, 0]","[16, 2, 0]","[0, 0, 1]",True,True,True,hip://7,1487,True,133.17,169.0,1.26909,762
1673,1494,8192,640,640,16,160,10,320,1,1,1,5,16,4,1,2,0,"[16, 160, 0]","[1, 2, 0]","[0, 0, 10]",True,True,True,hip://2,1488,True,132.83,267.0,2.01004,1397
832,1495,8192,640,640,256,128,2,128,1,1,2,1,16,4,8,8,0,"[256, 128, 0]","[8, 8, 0]","[0, 0, 2]",True,True,True,hip://5,1489,True,129.17,159.67,1.23613,709
340,1496,8192,640,640,64,320,1,256,1,1,4,1,16,4,1,20,0,"[64, 320, 0]","[1, 20, 0]","[0, 0, 1]",True,True,True,hip://6,1490,True,133.0,638.0,4.79699,1672
484,1497,8192,640,640,32,320,1,128,1,1,1,2,16,4,2,10,0,"[32, 320, 0]","[2, 10, 0]","[0, 0, 1]",True,True,True,hip://7,1491,True,133.17,246.0,1.84731,1345
1811,1498,8192,640,640,32,160,16,64,1,1,1,1,16,4,2,10,0,"[32, 160, 0]","[2, 10, 0]","[0, 0, 16]",True,True,True,hip://2,1492,True,132.83,263.0,1.97992,1388
30,1499,8192,640,640,128,320,4,640,1,1,2,5,16,4,4,4,0,"[128, 320, 0]","[4, 4, 0]","[0, 0, 4]",True,True,True,hip://5,1493,True,129.17,316.33,2.44903,1517
1107,1500,8192,640,640,16,160,20,640,1,1,1,10,16,4,1,1,0,"[16, 160, 0]","[1, 1, 0]","[0, 0, 20]",True,True,True,hip://6,1494,True,133.0,177.33,1.33333,863
1335,1501,8192,640,640,64,320,8,512,1,1,2,4,16,4,2,5,0,"[64, 320, 0]","[2, 5, 0]","[0, 0, 8]",True,True,True,hip://7,1495,True,133.17,145.33,1.09136,423
103,1502,8192,640,640,128,128,8,256,1,1,2,2,16,4,4,4,0,"[128, 128, 0]","[4, 4, 0]","[0, 0, 8]",True,True,True,hip://2,1496,True,132.83,113.33,0.8532,28
200,1503,8192,640,640,512,64,1,512,1,1,4,2,16,4,8,2,0,"[512, 64, 0]","[8, 2, 0]","[0, 0, 1]",True,True,True,hip://6,1497,True,133.0,159.33,1.19799,641
1127,1504,8192,640,640,128,128,16,512,1,1,2,4,16,4,4,2,0,"[128, 128, 0]","[4, 2, 0]","[0, 0, 16]",True,True,True,hip://5,1498,True,129.17,183.0,1.41677,983
907,1505,8192,640,640,16,160,2,64,1,1,1,1,16,4,1,10,0,"[16, 160, 0]","[1, 10, 0]","[0, 0, 2]",True,True,True,hip://7,1499,True,133.17,309.33,2.3229,1486
154,1506,8192,640,640,64,128,10,512,1,1,4,2,16,4,1,4,0,"[64, 128, 0]","[1, 4, 0]","[0, 0, 10]",True,True,True,hip://2,1500,True,132.83,193.33,1.45546,1030
511,1507,8192,640,640,16,320,4,320,1,1,1,5,16,4,1,4,0,"[16, 320, 0]","[1, 4, 0]","[0, 0, 4]",True,True,True,hip://6,1501,True,133.0,166.33,1.25063,731
947,1508,8192,640,640,32,320,2,64,1,1,1,1,16,4,2,20,0,"[32, 320, 0]","[2, 20, 0]","[0, 0, 2]",True,True,True,hip://5,1502,True,129.17,166.67,1.29032,790
1549,1509,8192,640,640,32,128,2,128,1,1,1,2,16,4,2,4,0,"[32, 128, 0]","[2, 4, 0]","[0, 0, 2]",True,True,True,hip://7,1503,True,133.17,191.33,1.4368,1012
375,1510,8192,640,640,64,16,1,256,1,1,4,1,16,4,1,1,0,"[64, 16, 0]","[1, 1, 0]","[0, 0, 1]",True,True,True,hip://2,1504,True,132.83,153.0,1.15182,557
1665,1511,8192,640,640,16,80,20,320,1,1,1,5,16,4,1,1,0,"[16, 80, 0]","[1, 1, 0]","[0, 0, 20]",True,True,True,hip://6,1505,True,133.0,351.67,2.64411,1557
287,1512,8192,640,640,512,160,1,64,1,1,1,1,16,4,32,10,0,"[512, 160, 0]","[32, 10, 0]","[0, 0, 1]",True,True,True,hip://5,1506,True,129.17,169.67,1.31355,833
918,1513,8192,640,640,16,128,5,64,1,1,1,1,16,4,1,8,0,"[16, 128, 0]","[1, 8, 0]","[0, 0, 5]",True,True,True,hip://7,1507,True,133.17,10400.0,78.09762,1816
1767,1514,8192,640,640,64,64,16,256,1,1,1,4,16,4,4,1,0,"[64, 64, 0]","[4, 1, 0]","[0, 0, 16]",True,True,True,hip://2,1508,True,132.83,190.67,1.43538,1011
1536,1515,8192,640,640,16,128,16,128,1,1,1,2,16,4,1,4,0,"[16, 128, 0]","[1, 4, 0]","[0, 0, 16]",True,True,True,hip://5,1509,True,129.17,137.0,1.06065,359
392,1516,8192,640,640,64,32,16,256,1,1,4,1,16,4,1,2,0,"[64, 32, 0]","[1, 2, 0]","[0, 0, 16]",True,True,True,hip://6,1510,True,133.0,213.0,1.6015,1192
509,1517,8192,640,640,64,320,4,320,1,1,1,5,16,4,4,4,0,"[64, 320, 0]","[4, 4, 0]","[0, 0, 4]",True,True,True,hip://7,1511,True,133.17,117.33,0.8811,62
223,1518,8192,640,640,256,32,10,512,1,1,4,2,16,4,4,1,0,"[256, 32, 0]","[4, 1, 0]","[0, 0, 10]",True,True,True,hip://2,1512,True,132.83,135.33,1.01882,292
694,1519,8192,640,640,128,16,10,512,1,1,8,1,16,4,1,1,0,"[128, 16, 0]","[1, 1, 0]","[0, 0, 10]",True,True,True,hip://6,1513,True,133.0,150.67,1.13283,512
1491,1520,8192,640,640,256,64,2,128,1,1,1,2,16,4,16,2,0,"[256, 64, 0]","[16, 2, 0]","[0, 0, 2]",True,True,True,hip://5,1514,True,129.17,201.67,1.56129,1158
824,1521,8192,640,640,256,80,8,128,1,1,2,1,16,4,8,5,0,"[256, 80, 0]","[8, 5, 0]","[0, 0, 8]",True,True,True,hip://7,1515,True,133.17,234.33,1.7597,1300
124,1522,8192,640,640,128,128,16,128,1,1,1,2,16,4,8,4,0,"[128, 128, 0]","[8, 4, 0]","[0, 0, 16]",True,True,True,hip://2,1516,True,132.83,186.0,1.40025,961
201,1523,8192,640,640,512,32,1,512,1,1,4,2,16,4,8,1,0,"[512, 32, 0]","[8, 1, 0]","[0, 0, 1]",True,True,True,hip://5,1517,True,129.17,406.0,3.14323,1617
1323,1524,8192,640,640,64,16,1,128,1,1,2,1,16,4,2,1,0,"[64, 16, 0]","[2, 1, 0]","[0, 0, 1]",True,True,True,hip://6,1518,True,133.0,288.33,2.16792,1443
1338,1525,8192,640,640,64,320,1,512,1,1,2,4,16,4,2,5,0,"[64, 320, 0]","[2, 5, 0]","[0, 0, 1]",True,True,True,hip://7,1519,True,133.17,383.0,2.8761,1587
1379,1526,8192,640,640,32,32,4,256,1,1,2,2,16,4,1,1,0,"[32, 32, 0]","[1, 1, 0]","[0, 0, 4]",True,True,True,hip://2,1520,True,132.83,172.67,1.29987,806
110,1527,8192,640,640,128,128,4,256,1,1,2,2,16,4,4,4,0,"[128, 128, 0]","[4, 4, 0]","[0, 0, 4]",True,True,True,hip://6,1521,True,133.0,131.33,0.98747,239
1725,1528,8192,640,640,64,128,2,256,1,1,1,4,16,4,4,2,0,"[64, 128, 0]","[4, 2, 0]","[0, 0, 2]",True,True,True,hip://5,1522,True,129.17,142.0,1.09935,442
956,1529,8192,640,640,32,320,8,64,1,1,1,1,16,4,2,20,0,"[32, 320, 0]","[2, 20, 0]","[0, 0, 8]",True,True,True,hip://7,1523,True,133.17,121.67,0.91364,120
841,1530,8192,640,640,256,32,8,256,1,1,4,1,16,4,4,2,0,"[256, 32, 0]","[4, 2, 0]","[0, 0, 8]",True,True,True,hip://2,1524,True,132.83,339.0,2.55207,1542
867,1531,8192,640,640,256,160,1,64,1,1,1,1,16,4,16,10,0,"[256, 160, 0]","[16, 10, 0]","[0, 0, 1]",True,True,True,hip://6,1525,True,133.0,160.33,1.20551,659
725,1532,8192,640,640,128,32,8,512,1,1,8,1,16,4,1,2,0,"[128, 32, 0]","[1, 2, 0]","[0, 0, 8]",True,True,True,hip://5,1526,True,129.17,5370.0,41.57419,1801
882,1533,8192,640,640,64,16,5,64,1,1,1,1,16,4,4,1,0,"[64, 16, 0]","[4, 1, 0]","[0, 0, 5]",True,True,True,hip://7,1527,True,133.17,113.33,0.85106,24
1349,1534,8192,640,640,64,160,10,256,1,1,2,2,16,4,2,5,0,"[64, 160, 0]","[2, 5, 0]","[0, 0, 10]",True,True,True,hip://2,1528,True,132.83,172.33,1.29737,804
1777,1535,8192,640,640,32,64,1,256,1,1,1,4,16,4,2,1,0,"[32, 64, 0]","[2, 1, 0]","[0, 0, 1]",True,True,True,hip://5,1529,True,129.17,204.0,1.57935,1174
193,1536,8192,640,640,512,160,4,512,1,1,4,2,16,4,8,5,0,"[512, 160, 0]","[8, 5, 0]","[0, 0, 4]",True,True,True,hip://6,1530,True,133.0,241.33,1.81454,1326
389,1537,8192,640,640,64,64,20,256,1,1,4,1,16,4,1,4,0,"[64, 64, 0]","[1, 4, 0]","[0, 0, 20]",True,True,True,hip://7,1531,True,133.17,318.33,2.39049,1502
833,1538,8192,640,640,256,80,5,128,1,1,2,1,16,4,8,5,0,"[256, 80, 0]","[8, 5, 0]","[0, 0, 5]",True,True,True,hip://2,1532,True,132.83,130.33,0.98118,226
1540,1539,8192,640,640,16,128,5,128,1,1,1,2,16,4,1,4,0,"[16, 128, 0]","[1, 4, 0]","[0, 0, 5]",True,True,True,hip://5,1533,True,129.17,217.67,1.68516,1258
497,1540,8192,640,640,256,320,4,64,1,1,1,1,16,4,16,20,0,"[256, 320, 0]","[16, 20, 0]","[0, 0, 4]",True,True,True,hip://6,1534,True,133.0,145.67,1.09524,433
968,1541,8192,640,640,512,160,2,640,1,1,2,5,16,4,16,2,0,"[512, 160, 0]","[16, 2, 0]","[0, 0, 2]",True,True,True,hip://7,1535,True,133.17,5926.67,44.50563,1807
1180,1542,8192,640,640,128,128,2,256,1,1,1,4,16,4,8,2,0,"[128, 128, 0]","[8, 2, 0]","[0, 0, 2]",True,True,True,hip://2,1536,True,132.83,399.67,3.00878,1607
1169,1543,8192,640,640,128,16,5,128,1,1,2,1,16,4,4,1,0,"[128, 16, 0]","[4, 1, 0]","[0, 0, 5]",True,True,True,hip://5,1537,True,129.17,138.33,1.07097,385
1481,1544,8192,640,640,512,64,1,128,1,1,1,2,16,4,32,2,0,"[512, 64, 0]","[32, 2, 0]","[0, 0, 1]",True,True,True,hip://6,1538,True,133.0,145.33,1.09273,429
270,1545,8192,640,640,512,16,4,64,1,1,1,1,16,4,32,1,0,"[512, 16, 0]","[32, 1, 0]","[0, 0, 4]",True,True,True,hip://7,1539,True,133.17,826.33,6.20526,1697
1586,1546,8192,640,640,32,160,10,128,1,1,1,2,16,4,2,5,0,"[32, 160, 0]","[2, 5, 0]","[0, 0, 10]",True,True,True,hip://2,1540,True,132.83,541.67,4.07779,1645
438,1547,8192,640,640,128,80,2,256,1,1,4,1,16,4,2,5,0,"[128, 80, 0]","[2, 5, 0]","[0, 0, 2]",True,True,True,hip://5,1541,True,129.17,278.67,2.15742,1441
994,1548,8192,640,640,256,128,5,512,1,1,1,8,16,4,16,1,0,"[256, 128, 0]","[16, 1, 0]","[0, 0, 5]",True,True,True,hip://6,1542,True,133.0,114.0,0.85714,38
1370,1549,8192,640,640,64,64,1,128,1,1,2,1,16,4,2,4,0,"[64, 64, 0]","[2, 4, 0]","[0, 0, 1]",True,True,True,hip://7,1543,True,133.17,189.33,1.42178,993
570,1550,8192,640,640,256,32,4,64,1,1,1,1,16,4,16,2,0,"[256, 32, 0]","[16, 2, 0]","[0, 0, 4]",True,True,True,hip://2,1544,True,132.83,197.67,1.48808,1079
487,1551,8192,640,640,256,320,5,128,1,1,1,2,16,4,16,10,0,"[256, 320, 0]","[16, 10, 0]","[0, 0, 5]",True,True,True,hip://6,1545,True,133.0,164.33,1.23559,706
1052,1552,8192,640,640,64,128,20,512,1,1,1,8,16,4,4,1,0,"[64, 128, 0]","[4, 1, 0]","[0, 0, 20]",True,True,True,hip://5,1546,True,129.17,1920.0,14.86452,1754
1634,1553,8192,640,640,64,320,5,256,1,1,1,4,16,4,4,5,0,"[64, 320, 0]","[4, 5, 0]","[0, 0, 5]",True,True,True,hip://7,1547,True,133.17,153.67,1.15394,561
676,1554,8192,640,640,256,16,1,512,1,1,8,1,16,4,2,1,0,"[256, 16, 0]","[2, 1, 0]","[0, 0, 1]",True,True,True,hip://2,1548,True,132.83,184.0,1.38519,935
64,1555,8192,640,640,128,64,5,512,1,1,4,2,16,4,2,2,0,"[128, 64, 0]","[2, 2, 0]","[0, 0, 5]",True,True,True,hip://6,1549,True,133.0,327.33,2.46115,1520
138,1556,8192,640,640,128,64,1,128,1,1,1,2,16,4,8,2,0,"[128, 64, 0]","[8, 2, 0]","[0, 0, 1]",True,True,True,hip://5,1550,True,129.17,161.0,1.24645,724
468,1557,8192,640,640,64,320,1,256,1,1,2,2,16,4,2,10,0,"[64, 320, 0]","[2, 10, 0]","[0, 0, 1]",True,True,True,hip://7,1551,True,133.17,181.0,1.3592,895
120,1558,8192,640,640,128,128,1,128,1,1,1,2,16,4,8,4,0,"[128, 128, 0]","[8, 4, 0]","[0, 0, 1]",True,True,True,hip://2,1552,True,132.83,222.67,1.67629,1252
1292,1559,8192,640,640,32,80,2,128,1,1,2,1,16,4,1,5,0,"[32, 80, 0]","[1, 5, 0]","[0, 0, 2]",True,True,True,hip://5,1553,True,129.17,237.33,1.83742,1340
1449,1560,8192,640,640,32,64,10,512,1,1,2,4,16,4,1,1,0,"[32, 64, 0]","[1, 1, 0]","[0, 0, 10]",True,True,True,hip://6,1554,True,133.0,147.33,1.10777,459
145,1561,8192,640,640,64,160,4,512,1,1,4,2,16,4,1,5,0,"[64, 160, 0]","[1, 5, 0]","[0, 0, 4]",True,True,True,hip://7,1555,True,133.17,146.33,1.09887,438
14,1562,8192,640,640,64,160,1,640,1,1,2,5,16,4,2,2,0,"[64, 160, 0]","[2, 2, 0]","[0, 0, 1]",True,True,True,hip://2,1556,True,132.83,122.67,0.92346,139
1798,1563,8192,640,640,64,128,20,64,1,1,1,1,16,4,4,8,0,"[64, 128, 0]","[4, 8, 0]","[0, 0, 20]",True,True,True,hip://6,1557,True,133.0,140.33,1.05514,352
1205,1564,8192,640,640,128,32,5,64,1,1,1,1,16,4,8,2,0,"[128, 32, 0]","[8, 2, 0]","[0, 0, 5]",True,True,True,hip://5,1558,True,129.17,402.0,3.11226,1613
471,1565,8192,640,640,32,320,5,256,1,1,2,2,16,4,1,10,0,"[32, 320, 0]","[1, 10, 0]","[0, 0, 5]",True,True,True,hip://7,1559,True,133.17,236.0,1.77222,1305
1134,1566,8192,640,640,128,320,8,128,1,1,2,1,16,4,4,20,0,"[128, 320, 0]","[4, 20, 0]","[0, 0, 8]",True,True,True,hip://2,1560,True,132.83,148.67,1.1192,481
1204,1567,8192,640,640,128,64,5,64,1,1,1,1,16,4,8,4,0,"[128, 64, 0]","[8, 4, 0]","[0, 0, 5]",True,True,True,hip://6,1561,True,133.0,731.67,5.50125,1686
43,1568,8192,640,640,128,320,4,512,1,1,2,4,16,4,4,5,0,"[128, 320, 0]","[4, 5, 0]","[0, 0, 4]",True,True,True,hip://7,1562,True,133.17,147.33,1.10638,454
692,1569,8192,640,640,128,32,20,512,1,1,8,1,16,4,1,2,0,"[128, 32, 0]","[1, 2, 0]","[0, 0, 20]",True,True,True,hip://5,1563,True,129.17,197.67,1.53032,1126
131,1570,8192,640,640,128,32,10,128,1,1,1,2,16,4,8,1,0,"[128, 32, 0]","[8, 1, 0]","[0, 0, 10]",True,True,True,hip://2,1564,True,132.83,159.33,1.1995,646
460,1571,8192,640,640,512,320,1,256,1,1,2,2,16,4,16,10,0,"[512, 320, 0]","[16, 10, 0]","[0, 0, 1]",True,True,True,hip://6,1565,True,133.0,199.0,1.49624,1088
507,1572,8192,640,640,32,320,4,640,1,1,1,10,16,4,2,2,0,"[32, 320, 0]","[2, 2, 0]","[0, 0, 4]",True,True,True,hip://7,1566,True,133.17,5850.0,43.92991,1806
247,1573,8192,640,640,512,16,2,256,1,1,4,1,16,4,8,1,0,"[512, 16, 0]","[8, 1, 0]","[0, 0, 2]",True,True,True,hip://5,1567,True,129.17,129.67,1.00387,272
924,1574,8192,640,640,16,64,1,64,1,1,1,1,16,4,1,4,0,"[16, 64, 0]","[1, 4, 0]","[0, 0, 1]",True,True,True,hip://2,1568,True,132.83,229.33,1.72647,1279
1059,1575,8192,640,640,64,160,8,640,1,1,2,5,16,4,2,2,0,"[64, 160, 0]","[2, 2, 0]","[0, 0, 8]",True,True,True,hip://6,1569,True,133.0,371.0,2.78947,1577
897,1576,8192,640,640,16,16,80,64,1,1,1,1,16,4,1,1,0,"[16, 16, 0]","[1, 1, 0]","[0, 0, 80]",True,True,True,hip://7,1570,True,133.17,121.0,0.90864,110
764,1577,8192,640,640,64,32,10,64,1,1,1,1,16,4,4,2,0,"[64, 32, 0]","[4, 2, 0]","[0, 0, 10]",True,True,True,hip://5,1571,True,129.17,475.0,3.67742,1637
1802,1578,8192,640,640,64,32,16,64,1,1,1,1,16,4,4,2,0,"[64, 32, 0]","[4, 2, 0]","[0, 0, 16]",True,True,True,hip://2,1572,True,132.83,126.0,0.94856,181
1375,1579,8192,640,640,64,64,16,128,1,1,2,1,16,4,2,4,0,"[64, 64, 0]","[2, 4, 0]","[0, 0, 16]",True,True,True,hip://6,1573,True,133.0,177.0,1.33083,859
1680,1580,8192,640,640,256,160,1,320,1,1,1,5,16,4,16,2,0,"[256, 160, 0]","[16, 2, 0]","[0, 0, 1]",True,True,True,hip://7,1574,True,133.17,174.67,1.31164,830
638,1581,8192,640,640,256,64,4,128,1,1,2,1,16,4,8,4,0,"[256, 64, 0]","[8, 4, 0]","[0, 0, 4]",True,True,True,hip://5,1575,True,129.17,247.67,1.91742,1370
1460,1582,8192,640,640,32,64,40,256,1,1,2,2,16,4,1,2,0,"[32, 64, 0]","[1, 2, 0]","[0, 0, 40]",True,True,True,hip://2,1576,True,132.83,152.33,1.1468,545
411,1583,8192,640,640,128,128,16,256,1,1,4,1,16,4,2,8,0,"[128, 128, 0]","[2, 8, 0]","[0, 0, 16]",True,True,True,hip://6,1577,True,133.0,140.33,1.05514,353
1412,1584,8192,640,640,32,64,32,128,1,1,2,1,16,4,1,4,0,"[32, 64, 0]","[1, 4, 0]","[0, 0, 32]",True,True,True,hip://7,1578,True,133.17,292.67,2.19775,1455
1769,1585,8192,640,640,64,128,1,256,1,1,1,4,16,4,4,2,0,"[64, 128, 0]","[4, 2, 0]","[0, 0, 1]",True,True,True,hip://5,1579,True,129.17,188.0,1.45548,1032
1546,1586,8192,640,640,32,128,20,128,1,1,1,2,16,4,2,4,0,"[32, 128, 0]","[2, 4, 0]","[0, 0, 20]",True,True,True,hip://2,1580,True,132.83,182.0,1.37014,911
1620,1587,8192,640,640,512,64,2,256,1,1,1,4,16,4,32,1,0,"[512, 64, 0]","[32, 1, 0]","[0, 0, 2]",True,True,True,hip://6,1581,True,133.0,183.33,1.37845,925
433,1588,8192,640,640,128,32,8,256,1,1,4,1,16,4,2,2,0,"[128, 32, 0]","[2, 2, 0]","[0, 0, 8]",True,True,True,hip://7,1582,True,133.17,183.0,1.37422,919
866,1589,8192,640,640,256,80,1,64,1,1,1,1,16,4,16,5,0,"[256, 80, 0]","[16, 5, 0]","[0, 0, 1]",True,True,True,hip://5,1583,True,129.17,118.0,0.91355,118
1242,1590,8192,640,640,32,128,20,256,1,1,2,2,16,4,1,4,0,"[32, 128, 0]","[1, 4, 0]","[0, 0, 20]",True,True,True,hip://2,1584,True,132.83,1380.0,10.38896,1729
1080,1591,8192,640,640,128,160,8,640,1,1,1,10,16,4,8,1,0,"[128, 160, 0]","[8, 1, 0]","[0, 0, 8]",True,True,True,hip://6,1585,True,133.0,165.33,1.24311,720
1691,1592,8192,640,640,64,80,2,320,1,1,1,5,16,4,4,1,0,"[64, 80, 0]","[4, 1, 0]","[0, 0, 2]",True,True,True,hip://7,1586,True,133.17,138.0,1.0363,319
338,1593,8192,640,640,256,320,1,256,1,1,4,1,16,4,4,20,0,"[256, 320, 0]","[4, 20, 0]","[0, 0, 1]",True,True,True,hip://5,1587,True,129.17,122.0,0.94452,176
1125,1594,8192,640,640,32,320,1,640,1,1,1,10,16,4,2,2,0,"[32, 320, 0]","[2, 2, 0]","[0, 0, 1]",True,True,True,hip://2,1588,True,132.83,1440.0,10.84065,1731
973,1595,8192,640,640,256,320,2,640,1,1,2,5,16,4,8,4,0,"[256, 320, 0]","[8, 4, 0]","[0, 0, 2]",True,True,True,hip://6,1589,True,133.0,187.67,1.41103,974
1351,1596,8192,640,640,64,160,1,256,1,1,2,2,16,4,2,5,0,"[64, 160, 0]","[2, 5, 0]","[0, 0, 1]",True,True,True,hip://7,1590,True,133.17,337.33,2.53317,1537
262,1597,8192,640,640,512,80,2,64,1,1,1,1,16,4,32,5,0,"[512, 80, 0]","[32, 5, 0]","[0, 0, 2]",True,True,True,hip://5,1591,True,129.17,151.67,1.17419,602
257,1598,8192,640,640,512,128,2,128,1,1,2,1,16,4,16,8,0,"[512, 128, 0]","[16, 8, 0]","[0, 0, 2]",True,True,True,hip://2,1592,True,132.83,2370.0,17.84191,1769
1568,1599,8192,640,640,16,64,1,128,1,1,1,2,16,4,1,2,0,"[16, 64, 0]","[1, 2, 0]","[0, 0, 1]",True,True,True,hip://6,1593,True,133.0,1253.33,9.42356,1720
1090,1600,8192,640,640,16,320,1,640,1,1,1,10,16,4,1,2,0,"[16, 320, 0]","[1, 2, 0]","[0, 0, 1]",True,True,True,hip://7,1594,True,133.17,373.33,2.8035,1579
1557,1601,8192,640,640,64,64,32,128,1,1,1,2,16,4,4,2,0,"[64, 64, 0]","[4, 2, 0]","[0, 0, 32]",True,True,True,hip://5,1595,True,129.17,362.0,2.80258,1578
141,1602,8192,640,640,128,64,8,128,1,1,1,2,16,4,8,2,0,"[128, 64, 0]","[8, 2, 0]","[0, 0, 8]",True,True,True,hip://2,1596,True,132.83,277.33,2.08783,1419
995,1603,8192,640,640,512,64,4,256,1,1,2,2,16,4,16,2,0,"[512, 64, 0]","[16, 2, 0]","[0, 0, 4]",True,True,True,hip://6,1597,True,133.0,144.0,1.08271,408
1498,1604,8192,640,640,64,32,2,128,1,1,1,2,16,4,4,1,0,"[64, 32, 0]","[4, 1, 0]","[0, 0, 2]",True,True,True,hip://7,1598,True,133.17,174.67,1.31164,831
175,1605,8192,640,640,64,64,8,512,1,1,4,2,16,4,1,2,0,"[64, 64, 0]","[1, 2, 0]","[0, 0, 8]",True,True,True,hip://5,1599,True,129.17,167.0,1.2929,793
1764,1606,8192,640,640,64,64,8,256,1,1,1,4,16,4,4,1,0,"[64, 64, 0]","[4, 1, 0]","[0, 0, 8]",True,True,True,hip://2,1600,True,132.83,114.33,0.86073,39
1701,1607,8192,640,640,32,80,16,320,1,1,1,5,16,4,2,1,0,"[32, 80, 0]","[2, 1, 0]","[0, 0, 16]",True,True,True,hip://6,1601,True,133.0,103.67,0.77945,3
493,1608,8192,640,640,512,320,4,128,1,1,1,2,16,4,32,10,0,"[512, 320, 0]","[32, 10, 0]","[0, 0, 4]",True,True,True,hip://7,1602,True,133.17,200.0,1.50188,1094
118,1609,8192,640,640,128,320,8,128,1,1,1,2,16,4,8,10,0,"[128, 320, 0]","[8, 10, 0]","[0, 0, 8]",True,True,True,hip://5,1603,True,129.17,7026.67,54.4,1812
490,1610,8192,640,640,256,320,4,128,1,1,1,2,16,4,16,10,0,"[256, 320, 0]","[16, 10, 0]","[0, 0, 4]",True,True,True,hip://2,1604,True,132.83,689.67,5.19197,1681
629,1611,8192,640,640,32,80,4,128,1,1,2,1,16,4,1,5,0,"[32, 80, 0]","[1, 5, 0]","[0, 0, 4]",True,True,True,hip://6,1605,True,133.0,2743.33,20.62657,1781
743,1612,8192,640,640,256,128,10,64,1,1,1,1,16,4,16,8,0,"[256, 128, 0]","[16, 8, 0]","[0, 0, 10]",True,True,True,hip://7,1606,True,133.17,123.67,0.92866,148
229,1613,8192,640,640,512,128,2,512,1,1,8,1,16,4,4,8,0,"[512, 128, 0]","[4, 8, 0]","[0, 0, 2]",True,True,True,hip://5,1607,True,129.17,1683.33,13.03226,1743
39,1614,8192,640,640,128,320,1,256,1,1,2,2,16,4,4,10,0,"[128, 320, 0]","[4, 10, 0]","[0, 0, 1]",True,True,True,hip://2,1608,True,132.83,253.33,1.90715,1366
1000,1615,8192,640,640,256,32,1,256,1,1,2,2,16,4,8,1,0,"[256, 32, 0]","[8, 1, 0]","[0, 0, 1]",True,True,True,hip://6,1609,True,133.0,277.0,2.08271,1415
663,1616,8192,640,640,256,128,2,512,1,1,8,1,16,4,2,8,0,"[256, 128, 0]","[2, 8, 0]","[0, 0, 2]",True,True,True,hip://7,1610,True,133.17,231.0,1.73467,1286
1226,1617,8192,640,640,128,80,10,320,1,1,1,5,16,4,8,1,0,"[128, 80, 0]","[8, 1, 0]","[0, 0, 10]",True,True,True,hip://5,1611,True,129.17,160.33,1.24129,715
1,1618,8192,640,640,32,16,4,128,1,1,2,1,16,4,1,1,0,"[32, 16, 0]","[1, 1, 0]","[0, 0, 4]",True,True,True,hip://2,1612,True,132.83,192.67,1.45044,1025
1086,1619,8192,640,640,128,320,2,640,1,1,1,10,16,4,8,2,0,"[128, 320, 0]","[8, 2, 0]","[0, 0, 2]",True,True,True,hip://6,1613,True,133.0,140.0,1.05263,343
1594,1620,8192,640,640,512,160,5,128,1,1,1,2,16,4,32,5,0,"[512, 160, 0]","[32, 5, 0]","[0, 0, 5]",True,True,True,hip://7,1614,True,133.17,183.33,1.37672,922
1104,1621,8192,640,640,512,160,5,640,1,1,1,10,16,4,32,1,0,"[512, 160, 0]","[32, 1, 0]","[0, 0, 5]",True,True,True,hip://5,1615,True,129.17,2376.67,18.4,1772
330,1622,8192,640,640,512,80,5,128,1,1,2,1,16,4,16,5,0,"[512, 80, 0]","[16, 5, 0]","[0, 0, 5]",True,True,True,hip://2,1616,True,132.83,414.0,3.11669,1614
1561,1623,8192,640,640,32,64,32,128,1,1,1,2,16,4,2,2,0,"[32, 64, 0]","[2, 2, 0]","[0, 0, 32]",True,True,True,hip://6,1617,True,133.0,721.67,5.42607,1684
765,1624,8192,640,640,128,16,10,64,1,1,1,1,16,4,8,1,0,"[128, 16, 0]","[8, 1, 0]","[0, 0, 10]",True,True,True,hip://7,1618,True,133.17,180.33,1.35419,889
1670,1625,8192,640,640,16,80,1,320,1,1,1,5,16,4,1,1,0,"[16, 80, 0]","[1, 1, 0]","[0, 0, 1]",True,True,True,hip://5,1619,True,129.17,294.67,2.28129,1478
1804,1626,8192,640,640,64,64,20,64,1,1,1,1,16,4,4,4,0,"[64, 64, 0]","[4, 4, 0]","[0, 0, 20]",True,True,True,hip://2,1620,True,132.83,289.33,2.17817,1447
1729,1627,8192,640,640,64,160,2,64,1,1,1,1,16,4,4,10,0,"[64, 160, 0]","[4, 10, 0]","[0, 0, 2]",True,True,True,hip://6,1621,True,133.0,292.0,2.19549,1454
1632,1628,8192,640,640,16,320,5,256,1,1,1,4,16,4,1,5,0,"[16, 320, 0]","[1, 5, 0]","[0, 0, 5]",True,True,True,hip://7,1622,True,133.17,163.33,1.22653,689
1308,1629,8192,640,640,32,64,2,256,1,1,2,2,16,4,1,2,0,"[32, 64, 0]","[1, 2, 0]","[0, 0, 2]",True,True,True,hip://5,1623,True,129.17,208.33,1.6129,1205
611,1630,8192,640,640,256,80,4,640,1,1,2,5,16,4,8,1,0,"[256, 80, 0]","[8, 1, 0]","[0, 0, 4]",True,True,True,hip://2,1624,True,132.83,153.0,1.15182,558
1280,1631,8192,640,640,64,128,16,128,1,1,2,1,16,4,2,8,0,"[64, 128, 0]","[2, 8, 0]","[0, 0, 16]",True,True,True,hip://6,1625,True,133.0,155.67,1.17043,593
217,1632,8192,640,640,256,64,8,512,1,1,4,2,16,4,4,2,0,"[256, 64, 0]","[4, 2, 0]","[0, 0, 8]",True,True,True,hip://7,1626,True,133.17,207.0,1.55444,1150
1039,1633,8192,640,640,32,160,10,640,1,1,2,5,16,4,1,2,0,"[32, 160, 0]","[1, 2, 0]","[0, 0, 10]",True,True,True,hip://5,1627,True,129.17,161.33,1.24903,728
365,1634,8192,640,640,64,160,2,256,1,1,4,1,16,4,1,10,0,"[64, 160, 0]","[1, 10, 0]","[0, 0, 2]",True,True,True,hip://2,1628,True,132.83,186.0,1.40025,962
1560,1635,8192,640,640,32,64,40,128,1,1,1,2,16,4,2,2,0,"[32, 64, 0]","[2, 2, 0]","[0, 0, 40]",True,True,True,hip://6,1629,True,133.0,146.67,1.10276,452
1025,1636,8192,640,640,128,128,2,512,1,1,1,8,16,4,8,1,0,"[128, 128, 0]","[8, 1, 0]","[0, 0, 2]",True,True,True,hip://7,1630,True,133.17,188.33,1.41427,980
539,1637,8192,640,640,512,160,4,128,1,1,1,2,16,4,32,5,0,"[512, 160, 0]","[32, 5, 0]","[0, 0, 4]",True,True,True,hip://5,1631,True,129.17,160.67,1.24387,721
1473,1638,8192,640,640,256,128,2,128,1,1,1,2,16,4,16,4,0,"[256, 128, 0]","[16, 4, 0]","[0, 0, 2]",True,True,True,hip://2,1632,True,132.83,3223.33,24.266,1790
1478,1639,8192,640,640,256,160,1,128,1,1,1,2,16,4,16,5,0,"[256, 160, 0]","[16, 5, 0]","[0, 0, 1]",True,True,True,hip://6,1633,True,133.0,661.67,4.97494,1673
6,1640,8192,640,640,128,64,1,512,1,1,2,4,16,4,4,1,0,"[128, 64, 0]","[4, 1, 0]","[0, 0, 1]",True,True,True,hip://7,1634,True,133.17,1013.33,7.60951,1709
929,1641,8192,640,640,16,32,32,64,1,1,1,1,16,4,1,2,0,"[16, 32, 0]","[1, 2, 0]","[0, 0, 32]",True,True,True,hip://5,1635,True,129.17,174.33,1.34968,887
323,1642,8192,640,640,512,128,4,256,1,1,4,1,16,4,8,8,0,"[512, 128, 0]","[8, 8, 0]","[0, 0, 4]",True,True,True,hip://2,1636,True,132.83,214.33,1.61355,1206
890,1643,8192,640,640,32,16,40,64,1,1,1,1,16,4,2,1,0,"[32, 16, 0]","[2, 1, 0]","[0, 0, 40]",True,True,True,hip://6,1637,True,133.0,283.67,2.13283,1434
601,1644,8192,640,640,16,128,4,256,1,1,1,4,16,4,1,2,0,"[16, 128, 0]","[1, 2, 0]","[0, 0, 4]",True,True,True,hip://7,1638,True,133.17,221.33,1.66208,1242
1828,1645,8192,640,640,32,32,20,64,1,1,1,1,16,4,2,2,0,"[32, 32, 0]","[2, 2, 0]","[0, 0, 20]",True,True,True,hip://5,1639,True,129.17,151.33,1.17161,596
1786,1646,8192,640,640,32,160,1,64,1,1,1,1,16,4,2,10,0,"[32, 160, 0]","[2, 10, 0]","[0, 0, 1]",True,True,True,hip://2,1640,True,132.83,150.33,1.13174,511
1312,1647,8192,640,640,64,16,40,128,1,1,2,1,16,4,2,1,0,"[64, 16, 0]","[2, 1, 0]","[0, 0, 40]",True,True,True,hip://6,1641,True,133.0,231.67,1.74185,1291
1574,1648,8192,640,640,32,64,8,128,1,1,1,2,16,4,2,2,0,"[32, 64, 0]","[2, 2, 0]","[0, 0, 8]",True,True,True,hip://7,1642,True,133.17,212.33,1.59449,1186
1734,1649,8192,640,640,32,128,2,64,1,1,1,1,16,4,2,8,0,"[32, 128, 0]","[2, 8, 0]","[0, 0, 2]",True,True,True,hip://5,1643,True,129.17,118.67,0.91871,129
1537,1650,8192,640,640,16,128,20,128,1,1,1,2,16,4,1,4,0,"[16, 128, 0]","[1, 4, 0]","[0, 0, 20]",True,True,True,hip://2,1644,True,132.83,190.33,1.43287,1008
1099,1651,8192,640,640,16,160,5,640,1,1,1,10,16,4,1,1,0,"[16, 160, 0]","[1, 1, 0]","[0, 0, 5]",True,True,True,hip://6,1645,True,133.0,259.67,1.95238,1379
1396,1652,8192,640,640,32,32,32,128,1,1,2,1,16,4,1,2,0,"[32, 32, 0]","[1, 2, 0]","[0, 0, 32]",True,True,True,hip://7,1646,True,133.17,209.0,1.56946,1166
234,1653,8192,640,640,512,64,5,512,1,1,8,1,16,4,4,4,0,"[512, 64, 0]","[4, 4, 0]","[0, 0, 5]",True,True,True,hip://5,1647,True,129.17,194.67,1.5071,1102
1476,1654,8192,640,640,512,160,1,128,1,1,1,2,16,4,32,5,0,"[512, 160, 0]","[32, 5, 0]","[0, 0, 1]",True,True,True,hip://2,1648,True,132.83,160.33,1.20703,664
1666,1655,8192,640,640,16,80,16,320,1,1,1,5,16,4,1,1,0,"[16, 80, 0]","[1, 1, 0]","[0, 0, 16]",True,True,True,hip://6,1649,True,133.0,5573.33,41.90476,1802
23,1656,8192,640,640,128,80,4,640,1,1,2,5,16,4,4,1,0,"[128, 80, 0]","[4, 1, 0]","[0, 0, 4]",True,True,True,hip://7,1650,True,133.17,161.0,1.20901,666
1133,1657,8192,640,640,128,128,8,128,1,1,2,1,16,4,4,8,0,"[128, 128, 0]","[4, 8, 0]","[0, 0, 8]",True,True,True,hip://5,1651,True,129.17,111.67,0.86452,45
514,1658,8192,640,640,64,320,4,64,1,1,1,1,16,4,4,20,0,"[64, 320, 0]","[4, 20, 0]","[0, 0, 4]",True,True,True,hip://2,1652,True,132.83,245.0,1.84442,1343
1083,1659,8192,640,640,128,160,2,640,1,1,1,10,16,4,8,1,0,"[128, 160, 0]","[8, 1, 0]","[0, 0, 2]",True,True,True,hip://6,1653,True,133.0,678.0,5.09774,1676
958,1660,8192,640,640,512,128,4,512,1,1,2,4,16,4,16,2,0,"[512, 128, 0]","[16, 2, 0]","[0, 0, 4]",True,True,True,hip://7,1654,True,133.17,130.0,0.97622,220
1220,1661,8192,640,640,128,320,8,320,1,1,1,5,16,4,8,4,0,"[128, 320, 0]","[8, 4, 0]","[0, 0, 8]",True,True,True,hip://5,1655,True,129.17,259.67,2.01032,1398
781,1662,8192,640,640,64,16,10,128,1,1,2,1,16,4,2,1,0,"[64, 16, 0]","[2, 1, 0]","[0, 0, 10]",True,True,True,hip://2,1656,True,132.83,252.0,1.89711,1364
788,1663,8192,640,640,32,80,10,128,1,1,2,1,16,4,1,5,0,"[32, 80, 0]","[1, 5, 0]","[0, 0, 10]",True,True,True,hip://6,1657,True,133.0,177.0,1.33083,860
130,1664,8192,640,640,128,32,16,128,1,1,1,2,16,4,8,1,0,"[128, 32, 0]","[8, 1, 0]","[0, 0, 16]",True,True,True,hip://7,1658,True,133.17,249.33,1.87234,1353
1221,1665,8192,640,640,128,160,8,320,1,1,1,5,16,4,8,2,0,"[128, 160, 0]","[8, 2, 0]","[0, 0, 8]",True,True,True,hip://5,1659,True,129.17,194.67,1.5071,1103
1814,1666,8192,640,640,32,128,8,64,1,1,1,1,16,4,2,8,0,"[32, 128, 0]","[2, 8, 0]","[0, 0, 8]",True,True,True,hip://2,1660,True,132.83,170.0,1.2798,779
1393,1667,8192,640,640,32,16,20,128,1,1,2,1,16,4,1,1,0,"[32, 16, 0]","[1, 1, 0]","[0, 0, 20]",True,True,True,hip://6,1661,True,133.0,204.67,1.53885,1135
1622,1668,8192,640,640,256,320,5,256,1,1,1,4,16,4,16,5,0,"[256, 320, 0]","[16, 5, 0]","[0, 0, 5]",True,True,True,hip://7,1662,True,133.17,173.33,1.30163,811
327,1669,8192,640,640,512,128,5,256,1,1,4,1,16,4,8,8,0,"[512, 128, 0]","[8, 8, 0]","[0, 0, 5]",True,True,True,hip://5,1663,True,129.17,519.67,4.02323,1644
1285,1670,8192,640,640,512,320,2,512,1,1,2,4,16,4,16,5,0,"[512, 320, 0]","[16, 5, 0]","[0, 0, 2]",True,True,True,hip://2,1664,True,132.83,336.0,2.52949,1534
313,1671,8192,640,640,512,32,4,128,1,1,2,1,16,4,16,2,0,"[512, 32, 0]","[16, 2, 0]","[0, 0, 4]",True,True,True,hip://6,1665,True,133.0,1380.0,10.37594,1728
224,1672,8192,640,640,256,32,2,512,1,1,4,2,16,4,4,1,0,"[256, 32, 0]","[4, 1, 0]","[0, 0, 2]",True,True,True,hip://7,1666,True,133.17,320.33,2.40551,1504
96,1673,8192,640,640,128,128,1,256,1,1,2,2,16,4,4,4,0,"[128, 128, 0]","[4, 4, 0]","[0, 0, 1]",True,True,True,hip://5,1667,True,129.17,141.67,1.09677,435
1547,1674,8192,640,640,32,128,10,128,1,1,1,2,16,4,2,4,0,"[32, 128, 0]","[2, 4, 0]","[0, 0, 10]",True,True,True,hip://2,1668,True,132.83,163.33,1.22961,695
186,1675,8192,640,640,512,128,2,512,1,1,4,2,16,4,8,4,0,"[512, 128, 0]","[8, 4, 0]","[0, 0, 2]",True,True,True,hip://6,1669,True,133.0,195.0,1.46617,1046
1010,1676,8192,640,640,256,160,2,640,1,1,2,5,16,4,8,2,0,"[256, 160, 0]","[8, 2, 0]","[0, 0, 2]",True,True,True,hip://7,1670,True,133.17,254.0,1.90738,1367
1043,1677,8192,640,640,64,128,10,512,1,1,1,8,16,4,4,1,0,"[64, 128, 0]","[4, 1, 0]","[0, 0, 10]",True,True,True,hip://5,1671,True,129.17,188.33,1.45806,1037
283,1678,8192,640,640,512,80,4,512,1,1,8,1,16,4,4,5,0,"[512, 80, 0]","[4, 5, 0]","[0, 0, 4]",True,True,True,hip://2,1672,True,132.83,161.0,1.21205,672
1716,1679,8192,640,640,32,160,8,320,1,1,1,5,16,4,2,2,0,"[32, 160, 0]","[2, 2, 0]","[0, 0, 8]",True,True,True,hip://6,1673,True,133.0,179.33,1.34837,885
741,1680,8192,640,640,256,16,10,64,1,1,1,1,16,4,16,1,0,"[256, 16, 0]","[16, 1, 0]","[0, 0, 10]",True,True,True,hip://7,1674,True,133.17,151.33,1.13642,522
817,1681,8192,640,640,256,32,8,128,1,1,2,1,16,4,8,2,0,"[256, 32, 0]","[8, 2, 0]","[0, 0, 8]",True,True,True,hip://5,1675,True,129.17,1260.0,9.75484,1724
1195,1682,8192,640,640,128,80,16,64,1,1,1,1,16,4,8,5,0,"[128, 80, 0]","[8, 5, 0]","[0, 0, 16]",True,True,True,hip://2,1676,True,132.83,226.33,1.70389,1270
877,1683,8192,640,640,128,16,2,64,1,1,1,1,16,4,8,1,0,"[128, 16, 0]","[8, 1, 0]","[0, 0, 2]",True,True,True,hip://6,1677,True,133.0,320.0,2.40602,1505
1197,1684,8192,640,640,128,80,8,64,1,1,1,1,16,4,8,5,0,"[128, 80, 0]","[8, 5, 0]","[0, 0, 8]",True,True,True,hip://7,1678,True,133.17,234.33,1.7597,1301
1529,1685,8192,640,640,64,160,1,128,1,1,1,2,16,4,4,5,0,"[64, 160, 0]","[4, 5, 0]","[0, 0, 1]",True,True,True,hip://5,1679,True,129.17,171.33,1.32645,850
538,1686,8192,640,640,256,160,4,128,1,1,1,2,16,4,16,5,0,"[256, 160, 0]","[16, 5, 0]","[0, 0, 4]",True,True,True,hip://2,1680,True,132.83,236.33,1.77917,1309
1103,1687,8192,640,640,256,160,2,640,1,1,1,10,16,4,16,1,0,"[256, 160, 0]","[16, 1, 0]","[0, 0, 2]",True,True,True,hip://6,1681,True,133.0,597.67,4.49373,1663
1805,1688,8192,640,640,64,64,16,64,1,1,1,1,16,4,4,4,0,"[64, 64, 0]","[4, 4, 0]","[0, 0, 16]",True,True,True,hip://5,1682,True,129.17,191.33,1.48129,1069
1525,1689,8192,640,640,64,128,2,128,1,1,1,2,16,4,4,4,0,"[64, 128, 0]","[4, 4, 0]","[0, 0, 2]",True,True,True,hip://7,1683,True,133.17,298.67,2.2428,1471
505,1690,8192,640,640,256,320,4,640,1,1,1,10,16,4,16,2,0,"[256, 320, 0]","[16, 2, 0]","[0, 0, 4]",True,True,True,hip://2,1684,True,132.83,144.33,1.08657,413
1822,1691,8192,640,640,32,32,40,64,1,1,1,1,16,4,2,2,0,"[32, 32, 0]","[2, 2, 0]","[0, 0, 40]",True,True,True,hip://6,1685,True,133.0,345.33,2.59649,1552
542,1692,8192,640,640,256,80,4,320,1,1,1,5,16,4,16,1,0,"[256, 80, 0]","[16, 1, 0]","[0, 0, 4]",True,True,True,hip://5,1686,True,129.17,315.67,2.44387,1515
292,1693,8192,640,640,512,160,1,128,1,1,2,1,16,4,16,10,0,"[512, 160, 0]","[16, 10, 0]","[0, 0, 1]",True,True,True,hip://7,1687,True,133.17,185.33,1.39174,948
939,1694,8192,640,640,16,80,32,64,1,1,1,1,16,4,1,5,0,"[16, 80, 0]","[1, 5, 0]","[0, 0, 32]",True,True,True,hip://2,1688,True,132.83,5683.33,42.78545,1804
1316,1695,8192,640,640,64,16,5,128,1,1,2,1,16,4,2,1,0,"[64, 16, 0]","[2, 1, 0]","[0, 0, 5]",True,True,True,hip://6,1689,True,133.0,380.0,2.85714,1585
810,1696,8192,640,640,256,320,2,128,1,1,2,1,16,4,8,20,0,"[256, 320, 0]","[8, 20, 0]","[0, 0, 2]",True,True,True,hip://5,1690,True,129.17,168.0,1.30065,807
1022,1697,8192,640,640,128,128,10,512,1,1,1,8,16,4,8,1,0,"[128, 128, 0]","[8, 1, 0]","[0, 0, 10]",True,True,True,hip://7,1691,True,133.17,2793.33,20.97622,1782
1342,1698,8192,640,640,64,64,16,512,1,1,2,4,16,4,2,1,0,"[64, 64, 0]","[2, 1, 0]","[0, 0, 16]",True,True,True,hip://2,1692,True,132.83,193.67,1.45797,1035
435,1699,8192,640,640,128,64,8,256,1,1,4,1,16,4,2,4,0,"[128, 64, 0]","[2, 4, 0]","[0, 0, 8]",True,True,True,hip://6,1693,True,133.0,122.67,0.92231,138
644,1700,8192,640,640,256,32,4,256,1,1,4,1,16,4,4,2,0,"[256, 32, 0]","[4, 2, 0]","[0, 0, 4]",True,True,True,hip://5,1694,True,129.17,117.0,0.90581,103
1470,1701,8192,640,640,256,128,10,128,1,1,1,2,16,4,16,4,0,"[256, 128, 0]","[16, 4, 0]","[0, 0, 10]",True,True,True,hip://7,1695,True,133.17,137.33,1.03129,313
1161,1702,8192,640,640,128,64,20,128,1,1,2,1,16,4,4,4,0,"[128, 64, 0]","[4, 4, 0]","[0, 0, 20]",True,True,True,hip://2,1696,True,132.83,451.67,3.40025,1626
432,1703,8192,640,640,128,64,5,256,1,1,4,1,16,4,2,4,0,"[128, 64, 0]","[2, 4, 0]","[0, 0, 5]",True,True,True,hip://6,1697,True,133.0,205.0,1.54135,1138
135,1704,8192,640,640,128,64,20,128,1,1,1,2,16,4,8,2,0,"[128, 64, 0]","[8, 2, 0]","[0, 0, 20]",True,True,True,hip://5,1698,True,129.17,156.0,1.20774,665
548,1705,8192,640,640,64,160,4,320,1,1,1,5,16,4,4,2,0,"[64, 160, 0]","[4, 2, 0]","[0, 0, 4]",True,True,True,hip://7,1699,True,133.17,207.33,1.55695,1154
821,1706,8192,640,640,256,64,1,128,1,1,2,1,16,4,8,4,0,"[256, 64, 0]","[8, 4, 0]","[0, 0, 1]",True,True,True,hip://2,1700,True,132.83,123.0,0.92597,144
646,1707,8192,640,640,64,320,4,128,1,1,2,1,16,4,2,20,0,"[64, 320, 0]","[2, 20, 0]","[0, 0, 4]",True,True,True,hip://6,1701,True,133.0,240.33,1.80702,1321
1648,1708,8192,640,640,16,80,5,320,1,1,1,5,16,4,1,1,0,"[16, 80, 0]","[1, 1, 0]","[0, 0, 5]",True,True,True,hip://5,1702,True,129.17,183.33,1.41935,986
1813,1709,8192,640,640,32,80,8,64,1,1,1,1,16,4,2,5,0,"[32, 80, 0]","[2, 5, 0]","[0, 0, 8]",True,True,True,hip://7,1703,True,133.17,163.33,1.22653,690
1683,1710,8192,640,640,512,320,2,320,1,1,1,5,16,4,32,4,0,"[512, 320, 0]","[32, 4, 0]","[0, 0, 2]",True,True,True,hip://2,1704,True,132.83,115.67,0.87077,50
469,1711,8192,640,640,64,320,4,256,1,1,2,2,16,4,2,10,0,"[64, 320, 0]","[2, 10, 0]","[0, 0, 4]",True,True,True,hip://6,1705,True,133.0,2330.0,17.5188,1765
114,1712,8192,640,640,128,320,2,128,1,1,1,2,16,4,8,10,0,"[128, 320, 0]","[8, 10, 0]","[0, 0, 2]",True,True,True,hip://5,1706,True,129.17,118.0,0.91355,119
1589,1713,8192,640,640,64,320,8,128,1,1,1,2,16,4,4,10,0,"[64, 320, 0]","[4, 10, 0]","[0, 0, 8]",True,True,True,hip://7,1707,True,133.17,1956.67,14.69337,1751
1573,1714,8192,640,640,32,64,1,128,1,1,1,2,16,4,2,2,0,"[32, 64, 0]","[2, 2, 0]","[0, 0, 1]",True,True,True,hip://2,1708,True,132.83,191.33,1.4404,1015
664,1715,8192,640,640,256,160,8,512,1,1,8,1,16,4,2,10,0,"[256, 160, 0]","[2, 10, 0]","[0, 0, 8]",True,True,True,hip://6,1709,True,133.0,249.0,1.87218,1352
1402,1716,8192,640,640,32,64,1,128,1,1,2,1,16,4,1,4,0,"[32, 64, 0]","[1, 4, 0]","[0, 0, 1]",True,True,True,hip://5,1710,True,129.17,190.0,1.47097,1054
449,1717,8192,640,640,512,80,4,640,1,1,2,5,16,4,16,1,0,"[512, 80, 0]","[16, 1, 0]","[0, 0, 4]",True,True,True,hip://7,1711,True,133.17,243.33,1.82728,1333
1140,1718,8192,640,640,128,160,1,128,1,1,2,1,16,4,4,10,0,"[128, 160, 0]","[4, 10, 0]","[0, 0, 1]",True,True,True,hip://2,1712,True,132.83,241.67,1.81932,1328
1409,1719,8192,640,640,32,160,16,128,1,1,2,1,16,4,1,10,0,"[32, 160, 0]","[1, 10, 0]","[0, 0, 16]",True,True,True,hip://6,1713,True,133.0,257.0,1.93233,1375
1310,1720,8192,640,640,64,160,2,256,1,1,2,2,16,4,2,5,0,"[64, 160, 0]","[2, 5, 0]","[0, 0, 2]",True,True,True,hip://5,1714,True,129.17,204.0,1.57935,1175
552,1721,8192,640,640,32,80,4,64,1,1,1,1,16,4,2,5,0,"[32, 80, 0]","[2, 5, 0]","[0, 0, 4]",True,True,True,hip://7,1715,True,133.17,153.33,1.15144,555
777,1722,8192,640,640,16,160,10,64,1,1,1,1,16,4,1,10,0,"[16, 160, 0]","[1, 10, 0]","[0, 0, 10]",True,True,True,hip://2,1716,True,132.83,113.33,0.8532,29
946,1723,8192,640,640,64,320,2,64,1,1,1,1,16,4,4,20,0,"[64, 320, 0]","[4, 20, 0]","[0, 0, 2]",True,True,True,hip://6,1717,True,133.0,263.0,1.97744,1386
334,1724,8192,640,640,512,32,5,256,1,1,4,1,16,4,8,2,0,"[512, 32, 0]","[8, 2, 0]","[0, 0, 5]",True,True,True,hip://5,1718,True,129.17,300.67,2.32774,1489
1824,1725,8192,640,640,32,64,40,64,1,1,1,1,16,4,2,4,0,"[32, 64, 0]","[2, 4, 0]","[0, 0, 40]",True,True,True,hip://7,1719,True,133.17,216.33,1.62453,1212
1493,1726,8192,640,640,256,64,5,128,1,1,1,2,16,4,16,2,0,"[256, 64, 0]","[16, 2, 0]","[0, 0, 5]",True,True,True,hip://2,1720,True,132.83,312.67,2.35383,1493
1093,1727,8192,640,640,64,320,1,640,1,1,1,10,16,4,4,2,0,"[64, 320, 0]","[4, 2, 0]","[0, 0, 1]",True,True,True,hip://6,1721,True,133.0,196.67,1.4787,1062
350,1728,8192,640,640,64,80,8,256,1,1,4,1,16,4,1,5,0,"[64, 80, 0]","[1, 5, 0]","[0, 0, 8]",True,True,True,hip://5,1722,True,129.17,146.67,1.13548,519
1300,1729,8192,640,640,32,320,2,128,1,1,2,1,16,4,1,20,0,"[32, 320, 0]","[1, 20, 0]","[0, 0, 2]",True,True,True,hip://7,1723,True,133.17,133.67,1.00375,268
1247,1730,8192,640,640,64,128,8,128,1,1,2,1,16,4,2,8,0,"[64, 128, 0]","[2, 8, 0]","[0, 0, 8]",True,True,True,hip://2,1724,True,132.83,174.67,1.31493,836
146,1731,8192,640,640,64,320,2,512,1,1,4,2,16,4,1,10,0,"[64, 320, 0]","[1, 10, 0]","[0, 0, 2]",True,True,True,hip://6,1725,True,133.0,150.33,1.13033,506
1327,1732,8192,640,640,64,32,32,256,1,1,2,2,16,4,2,1,0,"[64, 32, 0]","[2, 1, 0]","[0, 0, 32]",True,True,True,hip://5,1726,True,129.17,175.0,1.35484,890
1399,1733,8192,640,640,32,80,1,128,1,1,2,1,16,4,1,5,0,"[32, 80, 0]","[1, 5, 0]","[0, 0, 1]",True,True,True,hip://7,1727,True,133.17,142.33,1.06884,381
1437,1734,8192,640,640,512,64,5,512,1,1,2,4,16,4,16,1,0,"[512, 64, 0]","[16, 1, 0]","[0, 0, 5]",True,True,True,hip://2,1728,True,132.83,224.0,1.68632,1259
546,1735,8192,640,640,32,160,4,320,1,1,1,5,16,4,2,2,0,"[32, 160, 0]","[2, 2, 0]","[0, 0, 4]",True,True,True,hip://6,1729,True,133.0,174.33,1.31078,828
1372,1736,8192,640,640,64,64,8,128,1,1,2,1,16,4,2,4,0,"[64, 64, 0]","[2, 4, 0]","[0, 0, 8]",True,True,True,hip://5,1730,True,129.17,123.67,0.95742,193
429,1737,8192,640,640,128,64,2,256,1,1,4,1,16,4,2,4,0,"[128, 64, 0]","[2, 4, 0]","[0, 0, 2]",True,True,True,hip://7,1731,True,133.17,141.67,1.06383,367
727,1738,8192,640,640,128,32,5,512,1,1,8,1,16,4,1,2,0,"[128, 32, 0]","[1, 2, 0]","[0, 0, 5]",True,True,True,hip://2,1732,True,132.83,126.0,0.94856,182
758,1739,8192,640,640,64,320,10,64,1,1,1,1,16,4,4,20,0,"[64, 320, 0]","[4, 20, 0]","[0, 0, 10]",True,True,True,hip://6,1733,True,133.0,162.0,1.21805,678
333,1740,8192,640,640,512,64,5,256,1,1,4,1,16,4,8,4,0,"[512, 64, 0]","[8, 4, 0]","[0, 0, 5]",True,True,True,hip://5,1734,True,129.17,892.33,6.90839,1704
747,1741,8192,640,640,256,128,10,128,1,1,2,1,16,4,8,8,0,"[256, 128, 0]","[8, 8, 0]","[0, 0, 10]",True,True,True,hip://7,1735,True,133.17,205.67,1.54443,1141
1708,1742,8192,640,640,64,160,2,320,1,1,1,5,16,4,4,2,0,"[64, 160, 0]","[4, 2, 0]","[0, 0, 2]",True,True,True,hip://2,1736,True,132.83,404.0,3.04141,1610
1301,1743,8192,640,640,64,320,2,128,1,1,2,1,16,4,2,20,0,"[64, 320, 0]","[2, 20, 0]","[0, 0, 2]",True,True,True,hip://6,1737,True,133.0,119.67,0.89975,98
928,1744,8192,640,640,16,32,40,64,1,1,1,1,16,4,1,2,0,"[16, 32, 0]","[1, 2, 0]","[0, 0, 40]",True,True,True,hip://5,1738,True,129.17,168.0,1.30065,808
1785,1745,8192,640,640,64,160,16,64,1,1,1,1,16,4,4,10,0,"[64, 160, 0]","[4, 10, 0]","[0, 0, 16]",True,True,True,hip://7,1739,True,133.17,219.33,1.64706,1232
1778,1746,8192,640,640,64,128,10,256,1,1,1,4,16,4,4,2,0,"[64, 128, 0]","[4, 2, 0]","[0, 0, 10]",True,True,True,hip://2,1740,True,132.83,360.0,2.71016,1568
206,1747,8192,640,640,256,160,5,512,1,1,4,2,16,4,4,5,0,"[256, 160, 0]","[4, 5, 0]","[0, 0, 5]",True,True,True,hip://6,1741,True,133.0,162.0,1.21805,679
1809,1748,8192,640,640,32,64,1,64,1,1,1,1,16,4,2,4,0,"[32, 64, 0]","[2, 4, 0]","[0, 0, 1]",True,True,True,hip://5,1742,True,129.17,202.33,1.56645,1164
163,1749,8192,640,640,64,32,16,512,1,1,4,2,16,4,1,1,0,"[64, 32, 0]","[1, 1, 0]","[0, 0, 16]",True,True,True,hip://7,1743,True,133.17,248.67,1.86733,1349
592,1750,8192,640,640,16,32,4,128,1,1,1,2,16,4,1,1,0,"[16, 32, 0]","[1, 1, 0]","[0, 0, 4]",True,True,True,hip://2,1744,True,132.83,108.0,0.81305,9
1583,1751,8192,640,640,16,160,10,128,1,1,1,2,16,4,1,5,0,"[16, 160, 0]","[1, 5, 0]","[0, 0, 10]",True,True,True,hip://6,1745,True,133.0,141.67,1.06516,371
466,1752,8192,640,640,64,320,10,256,1,1,2,2,16,4,2,10,0,"[64, 320, 0]","[2, 10, 0]","[0, 0, 10]",True,True,True,hip://5,1746,True,129.17,343.67,2.66065,1560
1354,1753,8192,640,640,64,64,20,256,1,1,2,2,16,4,2,2,0,"[64, 64, 0]","[2, 2, 0]","[0, 0, 20]",True,True,True,hip://7,1747,True,133.17,183.33,1.37672,923
93,1754,8192,640,640,128,128,2,256,1,1,2,2,16,4,4,4,0,"[128, 128, 0]","[4, 4, 0]","[0, 0, 2]",True,True,True,hip://2,1748,True,132.83,126.33,0.95107,186
142,1755,8192,640,640,64,320,1,512,1,1,4,2,16,4,1,10,0,"[64, 320, 0]","[1, 10, 0]","[0, 0, 1]",True,True,True,hip://6,1749,True,133.0,141.67,1.06516,372
1442,1756,8192,640,640,32,160,20,256,1,1,2,2,16,4,1,5,0,"[32, 160, 0]","[1, 5, 0]","[0, 0, 20]",True,True,True,hip://5,1750,True,129.17,180.33,1.39613,954
393,1757,8192,640,640,64,32,20,256,1,1,4,1,16,4,1,2,0,"[64, 32, 0]","[1, 2, 0]","[0, 0, 20]",True,True,True,hip://7,1751,True,133.17,236.67,1.77722,1307
1182,1758,8192,640,640,128,320,5,256,1,1,1,4,16,4,8,5,0,"[128, 320, 0]","[8, 5, 0]","[0, 0, 5]",True,True,True,hip://2,1752,True,132.83,141.67,1.0665,378
740,1759,8192,640,640,256,16,10,128,1,1,2,1,16,4,8,1,0,"[256, 16, 0]","[8, 1, 0]","[0, 0, 10]",True,True,True,hip://6,1753,True,133.0,239.67,1.80201,1319
1266,1760,8192,640,640,256,128,4,256,1,1,2,2,16,4,8,4,0,"[256, 128, 0]","[8, 4, 0]","[0, 0, 4]",True,True,True,hip://5,1754,True,129.17,295.67,2.28903,1479
1287,1761,8192,640,640,256,32,2,256,1,1,2,2,16,4,8,1,0,"[256, 32, 0]","[8, 1, 0]","[0, 0, 2]",True,True,True,hip://7,1755,True,133.17,156.0,1.17146,595
1698,1762,8192,640,640,64,320,2,320,1,1,1,5,16,4,4,4,0,"[64, 320, 0]","[4, 4, 0]","[0, 0, 2]",True,True,True,hip://2,1756,True,132.83,159.33,1.1995,647
600,1763,8192,640,640,32,64,4,256,1,1,1,4,16,4,2,1,0,"[32, 64, 0]","[2, 1, 0]","[0, 0, 4]",True,True,True,hip://6,1757,True,133.0,141.0,1.06015,358
1130,1764,8192,640,640,128,128,8,512,1,1,2,4,16,4,4,2,0,"[128, 128, 0]","[4, 2, 0]","[0, 0, 8]",True,True,True,hip://5,1758,True,129.17,112.0,0.8671,48
161,1765,8192,640,640,64,32,10,512,1,1,4,2,16,4,1,1,0,"[64, 32, 0]","[1, 1, 0]","[0, 0, 10]",True,True,True,hip://7,1759,True,133.17,152.33,1.14393,538
775,1766,8192,640,640,16,32,10,64,1,1,1,1,16,4,1,2,0,"[16, 32, 0]","[1, 2, 0]","[0, 0, 10]",True,True,True,hip://2,1760,True,132.83,143.33,1.07905,401
255,1767,8192,640,640,512,320,2,128,1,1,2,1,16,4,16,20,0,"[512, 320, 0]","[16, 20, 0]","[0, 0, 2]",True,True,True,hip://6,1761,True,133.0,186.0,1.3985,955
1098,1768,8192,640,640,16,160,2,640,1,1,1,10,16,4,1,1,0,"[16, 160, 0]","[1, 1, 0]","[0, 0, 2]",True,True,True,hip://5,1762,True,129.17,10866.67,84.12903,1819
940,1769,8192,640,640,16,80,40,64,1,1,1,1,16,4,1,5,0,"[16, 80, 0]","[1, 5, 0]","[0, 0, 40]",True,True,True,hip://7,1763,True,133.17,204.67,1.53692,1133
1494,1770,8192,640,640,16,32,1,128,1,1,1,2,16,4,1,1,0,"[16, 32, 0]","[1, 1, 0]","[0, 0, 1]",True,True,True,hip://2,1764,True,132.83,386.0,2.9059,1591
88,1771,8192,640,640,128,160,8,128,1,1,1,2,16,4,8,5,0,"[128, 160, 0]","[8, 5, 0]","[0, 0, 8]",True,True,True,hip://6,1765,True,133.0,392.0,2.94737,1599
1652,1772,8192,640,640,256,320,5,320,1,1,1,5,16,4,16,4,0,"[256, 320, 0]","[16, 4, 0]","[0, 0, 5]",True,True,True,hip://5,1766,True,129.17,179.33,1.38839,938
541,1773,8192,640,640,128,80,4,320,1,1,1,5,16,4,8,1,0,"[128, 80, 0]","[8, 1, 0]","[0, 0, 4]",True,True,True,hip://7,1767,True,133.17,852.67,6.403,1700
1236,1774,8192,640,640,32,128,20,512,1,1,2,4,16,4,1,2,0,"[32, 128, 0]","[1, 2, 0]","[0, 0, 20]",True,True,True,hip://2,1768,True,132.83,151.0,1.13676,523
704,1775,8192,640,640,128,80,16,512,1,1,8,1,16,4,1,5,0,"[128, 80, 0]","[1, 5, 0]","[0, 0, 16]",True,True,True,hip://6,1769,True,133.0,151.67,1.14035,530
1735,1776,8192,640,640,32,32,2,64,1,1,1,1,16,4,2,2,0,"[32, 32, 0]","[2, 2, 0]","[0, 0, 2]",True,True,True,hip://5,1770,True,129.17,151.33,1.17161,597
735,1777,8192,640,640,128,32,4,512,1,1,8,1,16,4,1,2,0,"[128, 32, 0]","[1, 2, 0]","[0, 0, 4]",True,True,True,hip://7,1771,True,133.17,178.67,1.34168,874
198,1778,8192,640,640,512,32,5,512,1,1,4,2,16,4,8,1,0,"[512, 32, 0]","[8, 1, 0]","[0, 0, 5]",True,True,True,hip://2,1772,True,132.83,113.67,0.85571,35
778,1779,8192,640,640,16,128,10,64,1,1,1,1,16,4,1,8,0,"[16, 128, 0]","[1, 8, 0]","[0, 0, 10]",True,True,True,hip://6,1773,True,133.0,200.0,1.50376,1097
189,1780,8192,640,640,256,128,4,512,1,1,4,2,16,4,4,4,0,"[256, 128, 0]","[4, 4, 0]","[0, 0, 4]",True,True,True,hip://5,1774,True,129.17,289.67,2.24258,1470
1820,1781,8192,640,640,32,128,16,64,1,1,1,1,16,4,2,8,0,"[32, 128, 0]","[2, 8, 0]","[0, 0, 16]",True,True,True,hip://7,1775,True,133.17,143.0,1.07384,392
689,1782,8192,640,640,256,64,2,512,1,1,8,1,16,4,2,4,0,"[256, 64, 0]","[2, 4, 0]","[0, 0, 2]",True,True,True,hip://2,1776,True,132.83,317.33,2.38896,1501
1563,1783,8192,640,640,32,64,16,128,1,1,1,2,16,4,2,2,0,"[32, 64, 0]","[2, 2, 0]","[0, 0, 16]",True,True,True,hip://6,1777,True,133.0,171.0,1.28571,785
440,1784,8192,640,640,128,160,2,256,1,1,4,1,16,4,2,10,0,"[128, 160, 0]","[2, 10, 0]","[0, 0, 2]",True,True,True,hip://7,1778,True,133.17,129.0,0.96871,205
318,1785,8192,640,640,512,320,4,128,1,1,2,1,16,4,16,20,0,"[512, 320, 0]","[16, 20, 0]","[0, 0, 4]",True,True,True,hip://5,1779,True,129.17,167.33,1.29548,799
1795,1786,8192,640,640,64,32,8,64,1,1,1,1,16,4,4,2,0,"[64, 32, 0]","[4, 2, 0]","[0, 0, 8]",True,False,False,,,False,,,,
696,1787,8192,640,640,128,16,8,512,1,1,8,1,16,4,1,1,0,"[128, 16, 0]","[1, 1, 0]","[0, 0, 8]",True,True,True,hip://2,1780,True,132.83,152.33,1.1468,546
865,1788,8192,640,640,256,128,8,64,1,1,1,1,16,4,16,8,0,"[256, 128, 0]","[16, 8, 0]","[0, 0, 8]",True,True,True,hip://6,1781,True,133.0,124.67,0.93734,165
1429,1789,8192,640,640,512,160,4,256,1,1,2,2,16,4,16,5,0,"[512, 160, 0]","[16, 5, 0]","[0, 0, 4]",True,True,True,hip://7,1782,True,133.17,1643.33,12.34043,1740
326,1790,8192,640,640,512,80,5,256,1,1,4,1,16,4,8,5,0,"[512, 80, 0]","[8, 5, 0]","[0, 0, 5]",True,True,True,hip://5,1783,True,129.17,446.67,3.45806,1631
1650,1791,8192,640,640,512,160,5,320,1,1,1,5,16,4,32,2,0,"[512, 160, 0]","[32, 2, 0]","[0, 0, 5]",True,True,True,hip://2,1784,True,132.83,226.67,1.7064,1272
1554,1792,8192,640,640,16,64,32,128,1,1,1,2,16,4,1,2,0,"[16, 64, 0]","[1, 2, 0]","[0, 0, 32]",True,True,True,hip://6,1785,True,133.0,1273.33,9.57393,1722
13,1793,8192,640,640,128,160,1,640,1,1,2,5,16,4,4,2,0,"[128, 160, 0]","[4, 2, 0]","[0, 0, 1]",True,True,True,hip://7,1786,True,133.17,210.0,1.57697,1170
1780,1794,8192,640,640,32,128,8,512,1,1,1,8,16,4,2,1,0,"[32, 128, 0]","[2, 1, 0]","[0, 0, 8]",True,True,True,hip://5,1787,True,129.17,143.33,1.10968,461
1657,1795,8192,640,640,32,160,5,320,1,1,1,5,16,4,2,2,0,"[32, 160, 0]","[2, 2, 0]","[0, 0, 5]",True,True,True,hip://2,1788,True,132.83,116.33,0.87578,55
569,1796,8192,640,640,16,128,4,64,1,1,1,1,16,4,1,8,0,"[16, 128, 0]","[1, 8, 0]","[0, 0, 4]",True,True,True,hip://6,1789,True,133.0,231.0,1.73684,1289
1206,1797,8192,640,640,128,80,1,64,1,1,1,1,16,4,8,5,0,"[128, 80, 0]","[8, 5, 0]","[0, 0, 1]",True,True,True,hip://7,1790,True,133.17,152.67,1.14643,544
919,1798,8192,640,640,16,320,1,64,1,1,1,1,16,4,1,20,0,"[16, 320, 0]","[1, 20, 0]","[0, 0, 1]",True,True,True,hip://5,1791,True,129.17,276.33,2.13935,1439
451,1799,8192,640,640,256,80,5,640,1,1,2,5,16,4,8,1,0,"[256, 80, 0]","[8, 1, 0]","[0, 0, 5]",True,True,True,hip://2,1792,True,132.83,336.0,2.52949,1535
859,1800,8192,640,640,256,320,5,64,1,1,1,1,16,4,16,20,0,"[256, 320, 0]","[16, 20, 0]","[0, 0, 5]",True,True,True,hip://6,1793,True,133.0,121.67,0.91479,121
1817,1801,8192,640,640,32,80,32,64,1,1,1,1,16,4,2,5,0,"[32, 80, 0]","[2, 5, 0]","[0, 0, 32]",True,False,False,,,False,,,,
1436,1802,8192,640,640,256,64,5,256,1,1,2,2,16,4,8,2,0,"[256, 64, 0]","[8, 2, 0]","[0, 0, 5]",True,True,True,hip://7,1794,True,133.17,293.33,2.20275,1456
1330,1803,8192,640,640,64,32,8,256,1,1,2,2,16,4,2,1,0,"[64, 32, 0]","[2, 1, 0]","[0, 0, 8]",True,True,True,hip://5,1795,True,129.17,178.67,1.38323,930
1466,1804,8192,640,640,32,64,5,256,1,1,2,2,16,4,1,2,0,"[32, 64, 0]","[1, 2, 0]","[0, 0, 5]",True,True,True,hip://2,1796,True,132.83,105.0,0.79046,5
407,1805,8192,640,640,256,128,10,256,1,1,4,1,16,4,4,8,0,"[256, 128, 0]","[4, 8, 0]","[0, 0, 10]",True,True,True,hip://6,1797,True,133.0,169.0,1.27068,767
1149,1806,8192,640,640,128,128,1,128,1,1,2,1,16,4,4,8,0,"[128, 128, 0]","[4, 8, 0]","[0, 0, 1]",True,True,True,hip://7,1798,True,133.17,167.0,1.25407,737
54,1807,8192,640,640,128,64,10,512,1,1,4,2,16,4,2,2,0,"[128, 64, 0]","[2, 2, 0]","[0, 0, 10]",True,True,True,hip://5,1799,True,129.17,220.67,1.70839,1273
1232,1808,8192,640,640,32,128,10,512,1,1,2,4,16,4,1,2,0,"[32, 128, 0]","[1, 2, 0]","[0, 0, 10]",True,True,True,hip://2,1800,True,132.83,168.67,1.26976,766
1034,1809,8192,640,640,64,128,1,512,1,1,1,8,16,4,4,1,0,"[64, 128, 0]","[4, 1, 0]","[0, 0, 1]",True,True,True,hip://6,1801,True,133.0,160.33,1.20551,660
476,1810,8192,640,640,16,320,10,128,1,1,1,2,16,4,1,10,0,"[16, 320, 0]","[1, 10, 0]","[0, 0, 10]",True,True,True,hip://7,1802,True,133.17,177.0,1.32916,854
447,1811,8192,640,640,256,80,8,640,1,1,2,5,16,4,8,1,0,"[256, 80, 0]","[8, 1, 0]","[0, 0, 8]",True,True,True,hip://5,1803,True,129.17,246.0,1.90452,1365
191,1812,8192,640,640,512,160,5,512,1,1,4,2,16,4,8,5,0,"[512, 160, 0]","[8, 5, 0]","[0, 0, 5]",True,True,True,hip://2,1804,True,132.83,146.67,1.10414,453
61,1813,8192,640,640,128,32,2,512,1,1,4,2,16,4,2,1,0,"[128, 32, 0]","[2, 1, 0]","[0, 0, 2]",True,True,True,hip://6,1805,True,133.0,317.67,2.38847,1500
65,1814,8192,640,640,128,64,4,512,1,1,4,2,16,4,2,2,0,"[128, 64, 0]","[2, 2, 0]","[0, 0, 4]",True,True,True,hip://7,1806,True,133.17,148.0,1.11139,464
864,1815,8192,640,640,256,160,8,64,1,1,1,1,16,4,16,10,0,"[256, 160, 0]","[16, 10, 0]","[0, 0, 8]",True,True,True,hip://5,1807,True,129.17,115.33,0.8929,86
1209,1816,8192,640,640,128,32,20,64,1,1,1,1,16,4,8,2,0,"[128, 32, 0]","[8, 2, 0]","[0, 0, 20]",True,True,True,hip://2,1808,True,132.83,2526.67,19.02133,1775
178,1817,8192,640,640,64,160,5,512,1,1,4,2,16,4,1,5,0,"[64, 160, 0]","[1, 5, 0]","[0, 0, 5]",True,True,True,hip://6,1809,True,133.0,321.67,2.41855,1509
1116,1818,8192,640,640,32,320,8,640,1,1,1,10,16,4,2,2,0,"[32, 320, 0]","[2, 2, 0]","[0, 0, 8]",True,True,True,hip://7,1810,True,133.17,126.33,0.94869,183
1516,1819,8192,640,640,64,32,5,128,1,1,1,2,16,4,4,1,0,"[64, 32, 0]","[4, 1, 0]","[0, 0, 5]",True,True,True,hip://5,1811,True,129.17,133.0,1.02968,309
1385,1820,8192,640,640,32,32,40,256,1,1,2,2,16,4,1,1,0,"[32, 32, 0]","[1, 1, 0]","[0, 0, 40]",True,True,True,hip://2,1812,True,132.83,174.67,1.31493,837
209,1821,8192,640,640,256,320,1,512,1,1,4,2,16,4,4,10,0,"[256, 320, 0]","[4, 10, 0]","[0, 0, 1]",True,True,True,hip://6,1813,True,133.0,151.67,1.14035,531
1508,1822,8192,640,640,64,32,16,128,1,1,1,2,16,4,4,1,0,"[64, 32, 0]","[4, 1, 0]","[0, 0, 16]",True,True,True,hip://7,1814,True,133.17,282.0,2.11765,1426
285,1823,8192,640,640,512,320,1,256,1,1,4,1,16,4,8,20,0,"[512, 320, 0]","[8, 20, 0]","[0, 0, 1]",True,True,True,hip://5,1815,True,129.17,128.33,0.99355,248
457,1824,8192,640,640,256,320,4,256,1,1,2,2,16,4,8,10,0,"[256, 320, 0]","[8, 10, 0]","[0, 0, 4]",True,True,True,hip://2,1816,True,132.83,6076.67,45.74655,1809
501,1825,8192,640,640,128,320,4,256,1,1,1,4,16,4,8,5,0,"[128, 320, 0]","[8, 5, 0]","[0, 0, 4]",True,True,True,hip://6,1817,True,133.0,447.0,3.3609,1624
563,1826,8192,640,640,256,80,4,64,1,1,1,1,16,4,16,5,0,"[256, 80, 0]","[16, 5, 0]","[0, 0, 4]",True,True,True,hip://7,1818,True,133.17,179.33,1.34668,881
1518,1827,8192,640,640,64,32,10,128,1,1,1,2,16,4,4,1,0,"[64, 32, 0]","[4, 1, 0]","[0, 0, 10]",True,True,True,hip://5,1819,True,129.17,617.67,4.78194,1671
51,1828,8192,640,640,128,160,10,512,1,1,4,2,16,4,2,5,0,"[128, 160, 0]","[2, 5, 0]","[0, 0, 10]",True,True,True,hip://2,1820,True,132.83,170.67,1.28482,784
228,1829,8192,640,640,512,128,5,512,1,1,8,1,16,4,4,8,0,"[512, 128, 0]","[4, 8, 0]","[0, 0, 5]",True,True,True,hip://6,1821,True,133.0,134.33,1.01003,285
1309,1830,8192,640,640,64,32,2,256,1,1,2,2,16,4,2,1,0,"[64, 32, 0]","[2, 1, 0]","[0, 0, 2]",True,True,True,hip://7,1822,True,133.17,283.67,2.13016,1432
